player_id,season,player,team,position,situation,gp,toi,xGoals,goals,unblocked_shot_attempts,xRebounds,rebounds,xFreeze,freeze,xOnGoal,shots,xPlayStopped,playStopped,xPlayContinuedInZone,playContinuedInZone,xPlayContinuedOutsideZone,playContinuedOutsideZone,flurryAdjustedxGoals,ldsc,mdsc,hdsc,ldsc_xg,mdsc_xg,hdsc_xg,ldsc_g,mdsc_g,hdsc_g,blocked_shot_attempts,pim,penalties
8470147,20202021,Curtis McElhinney,T.B,G,other,12,1310.0,2.74,1.0,36.0,1.58,1.0,3.52,2.0,20.26,17.0,0.6,0.0,12.09,10.0,7.41,12.0,2.51,18.0,8.0,2.0,0.81,1.1,0.83,0.0,1.0,0.0,8.0,0.0,0.0
8470147,20202021,Curtis McElhinney,T.B,G,all,12,43159.0,26.49,37.0,504.0,19.88,15.0,61.88,59.0,286.1,296.0,11.82,13.0,156.62,97.0,116.07,163.0,25.64,282.0,88.0,20.0,8.04,11.12,7.33,12.0,17.0,8.0,114.0,2.0,1.0
8470147,20202021,Curtis McElhinney,T.B,G,5on5,12,33877.0,16.25,29.0,371.0,13.73,8.0,48.45,48.0,209.73,225.0,9.24,12.0,114.6,70.0,86.25,118.0,15.78,214.0,62.0,10.0,5.87,7.75,2.63,10.0,15.0,4.0,85.0,2.0,1.0
8470147,20202021,Curtis McElhinney,T.B,G,4on5,12,3543.0,6.25,6.0,79.0,3.83,5.0,8.34,9.0,43.44,40.0,0.43,0.0,26.41,17.0,13.81,19.0,6.12,41.0,11.0,8.0,1.11,1.27,3.87,2.0,0.0,4.0,19.0,0.0,0.0
8470147,20202021,Curtis McElhinney,T.B,G,5on4,12,4429.0,1.25,1.0,18.0,0.73,1.0,1.57,0.0,12.68,14.0,1.52,1.0,3.51,0.0,8.59,14.0,1.23,9.0,7.0,0.0,0.25,1.0,0.0,0.0,1.0,0.0,2.0,0.0,0.0
8473503,20202021,James Reimer,CAR,G,other,22,2006.0,3.67,6.0,61.0,2.77,4.0,7.06,10.0,32.2,37.0,0.62,1.0,20.9,19.0,9.35,5.0,3.36,29.0,13.0,3.0,0.96,1.51,1.2,1.0,3.0,2.0,16.0,0.0,0.0
8473503,20202021,James Reimer,CAR,G,all,22,79866.0,52.62,59.0,1088.0,41.61,44.0,138.21,162.0,610.45,627.0,23.66,18.0,342.11,251.0,248.51,313.0,50.68,631.0,174.0,38.0,19.04,21.47,12.11,16.0,30.0,13.0,245.0,0.0,0.0
8473503,20202021,James Reimer,CAR,G,5on5,22,63786.0,37.58,38.0,847.0,30.54,31.0,111.96,126.0,479.54,479.0,18.59,15.0,263.51,187.0,200.86,267.0,36.69,510.0,126.0,24.0,15.61,15.53,6.44,13.0,20.0,5.0,187.0,0.0,0.0
8473503,20202021,James Reimer,CAR,G,4on5,22,7802.0,10.18,14.0,160.0,7.56,9.0,17.42,24.0,85.91,96.0,1.02,0.0,53.05,41.0,29.05,30.0,9.44,80.0,29.0,11.0,2.07,3.64,4.47,2.0,6.0,6.0,40.0,0.0,0.0
8473503,20202021,James Reimer,CAR,G,5on4,22,6272.0,0.8,0.0,16.0,0.55,0.0,1.23,2.0,9.59,11.0,3.32,2.0,3.37,3.0,7.75,9.0,0.8,10.0,4.0,0.0,0.29,0.5,0.0,0.0,0.0,0.0,2.0,0.0,0.0
8477424,20202021,Juuse Saros,NSH,G,other,36,2984.0,4.43,6.0,71.0,2.83,3.0,7.63,11.0,39.97,46.0,0.9,2.0,25.13,13.0,16.5,23.0,4.13,42.0,12.0,4.0,1.58,1.37,1.47,3.0,1.0,2.0,13.0,0.0,0.0
8477424,20202021,Juuse Saros,NSH,G,all,36,123082.0,91.15,78.0,1849.0,69.38,82.0,228.56,259.0,1009.04,1071.0,31.95,39.0,568.58,418.0,417.96,541.0,87.13,1076.0,255.0,77.0,31.99,31.31,27.85,24.0,29.0,25.0,441.0,2.0,1.0
8477424,20202021,Juuse Saros,NSH,G,5on5,36,101784.0,68.15,48.0,1524.0,55.95,70.0,195.51,216.0,834.18,877.0,26.31,30.0,466.5,345.0,348.23,460.0,65.14,902.0,207.0,52.0,26.67,25.85,15.63,19.0,19.0,10.0,363.0,2.0,1.0
8477424,20202021,Juuse Saros,NSH,G,4on5,36,9178.0,16.84,23.0,220.0,9.47,8.0,22.41,28.0,114.49,124.0,0.49,0.0,69.76,56.0,38.94,41.0,16.17,112.0,29.0,20.0,3.09,3.22,10.53,2.0,8.0,13.0,59.0,0.0,0.0
8477424,20202021,Juuse Saros,NSH,G,5on4,36,9136.0,1.63,1.0,30.0,1.04,1.0,2.72,4.0,18.98,23.0,4.05,7.0,6.45,4.0,13.55,15.0,1.57,18.0,7.0,1.0,0.54,0.87,0.22,0.0,1.0,0.0,4.0,0.0,0.0
8476945,20202021,Connor Hellebuyck,WPG,G,other,45,3356.0,9.44,11.0,92.0,5.14,8.0,10.4,10.0,59.78,61.0,0.9,1.0,33.23,24.0,18.83,24.0,8.59,32.0,38.0,9.0,1.34,4.92,3.18,0.0,10.0,1.0,13.0,0.0,0.0
8476945,20202021,Connor Hellebuyck,WPG,G,all,45,156169.0,131.25,112.0,2447.0,97.65,112.0,296.92,272.0,1335.46,1335.0,39.81,35.0,741.75,587.0,538.4,724.0,125.87,1282.0,435.0,132.0,38.44,52.86,39.96,28.0,50.0,34.0,598.0,0.0,0.0
8476945,20202021,Connor Hellebuyck,WPG,G,5on5,45,129558.0,96.9,78.0,1967.0,73.48,85.0,246.21,222.0,1061.7,1042.0,31.08,25.0,589.68,462.0,432.64,592.0,93.7,1053.0,327.0,93.0,32.1,39.49,25.31,24.0,36.0,18.0,494.0,0.0,0.0
8476945,20202021,Connor Hellebuyck,WPG,G,4on5,45,11318.0,20.01,22.0,315.0,16.42,18.0,33.8,34.0,169.18,180.0,0.67,1.0,102.06,88.0,57.17,67.0,18.72,160.0,50.0,25.0,3.95,5.96,10.1,4.0,3.0,15.0,80.0,0.0,0.0
8476945,20202021,Connor Hellebuyck,WPG,G,5on4,45,11937.0,4.31,1.0,61.0,2.06,1.0,5.2,5.0,37.58,44.0,6.87,7.0,12.99,9.0,26.25,36.0,4.28,31.0,16.0,5.0,0.9,2.04,1.37,0.0,1.0,0.0,9.0,0.0,0.0
8481001,20202021,Veini Vehvilainen,CBJ,G,other,1,13.0,0.0,0.0,0.0,0.0,0.0,0.0,0.0,0.0,0.0,0.0,0.0,0.0,0.0,0.0,0.0,0.0,0.0,0.0,0.0,0.0,0.0,0.0,0.0,0.0,0.0,0.0,0.0,0.0
8481001,20202021,Veini Vehvilainen,CBJ,G,all,1,640.0,0.13,1.0,6.0,0.18,0.0,0.73,1.0,3.94,4.0,0.07,0.0,1.64,0.0,2.23,3.0,0.13,5.0,0.0,0.0,0.13,0.0,0.0,1.0,0.0,0.0,1.0,0.0,0.0
8481001,20202021,Veini Vehvilainen,CBJ,G,5on5,1,363.0,0.04,0.0,3.0,0.06,0.0,0.42,0.0,1.54,1.0,0.07,0.0,0.77,0.0,0.66,2.0,0.04,2.0,0.0,0.0,0.04,0.0,0.0,0.0,0.0,0.0,1.0,0.0,0.0
8481001,20202021,Veini Vehvilainen,CBJ,G,4on5,1,37.0,0.03,0.0,1.0,0.05,0.0,0.17,1.0,0.75,1.0,0.0,0.0,0.5,0.0,0.23,0.0,0.03,1.0,0.0,0.0,0.03,0.0,0.0,0.0,0.0,0.0,0.0,0.0,0.0
8481001,20202021,Veini Vehvilainen,CBJ,G,5on4,1,227.0,0.06,1.0,2.0,0.06,0.0,0.14,0.0,1.65,2.0,0.0,0.0,0.36,0.0,1.34,1.0,0.06,2.0,0.0,0.0,0.06,0.0,0.0,1.0,0.0,0.0,0.0,0.0,0.0
8471227,20202021,Devan Dubnyk,COL,G,other,22,1562.0,1.9,4.0,42.0,1.44,0.0,3.23,3.0,18.36,15.0,0.37,1.0,13.52,10.0,6.25,10.0,1.89,17.0,10.0,0.0,0.68,1.22,0.0,1.0,3.0,0.0,15.0,0.0,0.0
8471227,20202021,Devan Dubnyk,COL,G,all,22,70942.0,48.89,63.0,1117.0,41.33,42.0,136.58,129.0,580.05,602.0,18.69,19.0,337.45,266.0,235.48,307.0,47.17,619.0,158.0,42.0,17.43,18.25,13.21,24.0,26.0,13.0,298.0,2.0,1.0
8471227,20202021,Devan Dubnyk,COL,G,5on5,22,57320.0,33.64,44.0,850.0,29.48,35.0,108.07,104.0,441.45,463.0,14.74,14.0,251.43,193.0,185.69,239.0,32.89,487.0,106.0,30.0,13.01,12.37,8.25,19.0,18.0,7.0,227.0,2.0,1.0
8471227,20202021,Devan Dubnyk,COL,G,4on5,22,7161.0,12.0,12.0,201.0,9.5,6.0,23.28,20.0,106.96,107.0,0.47,0.0,67.32,61.0,34.5,47.0,11.15,101.0,39.0,10.0,3.39,4.24,4.38,3.0,4.0,5.0,51.0,0.0,0.0
8471227,20202021,Devan Dubnyk,COL,G,5on4,22,4899.0,1.14,2.0,20.0,0.76,1.0,1.69,1.0,10.86,14.0,3.08,4.0,4.09,1.0,7.88,11.0,1.03,12.0,2.0,2.0,0.24,0.32,0.58,0.0,1.0,1.0,4.0,0.0,0.0
8479496,20202021,David Rittich,TOR,G,other,19,1322.0,3.69,3.0,36.0,1.74,4.0,3.35,0.0,19.53,16.0,0.26,0.0,9.95,12.0,5.64,6.0,2.97,8.0,13.0,4.0,0.41,1.54,1.74,0.0,1.0,2.0,11.0,0.0,0.0
8479496,20202021,David Rittich,TOR,G,all,19,57946.0,42.93,46.0,856.0,32.88,34.0,108.91,101.0,479.03,463.0,15.29,16.0,265.65,211.0,197.37,251.0,41.25,478.0,152.0,33.0,13.68,17.97,11.28,17.0,16.0,13.0,193.0,0.0,0.0
8479496,20202021,David Rittich,TOR,G,5on5,19,47839.0,28.5,31.0,683.0,24.59,20.0,90.93,86.0,380.53,373.0,12.58,16.0,214.96,170.0,160.82,207.0,27.89,411.0,104.0,17.0,11.27,12.35,4.88,14.0,12.0,5.0,151.0,0.0,0.0
8479496,20202021,David Rittich,TOR,G,4on5,19,4435.0,8.01,10.0,107.0,5.36,8.0,11.91,13.0,58.37,50.0,0.48,0.0,34.72,27.0,17.18,19.0,7.73,48.0,22.0,9.0,1.63,2.48,3.9,3.0,2.0,5.0,28.0,0.0,0.0
8479496,20202021,David Rittich,TOR,G,5on4,19,4350.0,2.72,2.0,30.0,1.2,2.0,2.7,2.0,20.59,24.0,1.94,0.0,6.02,2.0,13.73,19.0,2.67,11.0,13.0,3.0,0.38,1.6,0.75,0.0,1.0,1.0,3.0,0.0,0.0
8476434,20202021,John Gibson,ANA,G,other,35,3642.0,5.82,9.0,71.0,2.88,6.0,6.77,5.0,38.09,41.0,0.68,0.0,21.42,17.0,13.86,12.0,5.59,28.0,16.0,8.0,1.01,1.88,2.93,1.0,5.0,3.0,19.0,0.0,0.0
8476434,20202021,John Gibson,ANA,G,all,35,121887.0,93.64,101.0,1924.0,72.24,90.0,235.32,240.0,1023.87,1043.0,30.57,21.0,585.28,461.0,420.37,505.0,90.76,1097.0,255.0,89.0,32.17,30.36,31.11,25.0,40.0,36.0,483.0,2.0,2.0
8476434,20202021,John Gibson,ANA,G,5on5,35,100754.0,68.61,70.0,1563.0,56.22,70.0,198.0,204.0,827.99,843.0,25.34,19.0,470.91,372.0,347.38,416.0,66.63,898.0,211.0,60.0,27.09,25.12,16.41,21.0,31.0,18.0,394.0,2.0,1.0
8476434,20202021,John Gibson,ANA,G,4on5,35,9955.0,17.2,20.0,258.0,11.97,13.0,27.48,29.0,136.58,139.0,0.73,0.0,85.7,69.0,44.25,56.0,16.53,151.0,21.0,19.0,3.47,2.5,11.22,2.0,3.0,15.0,67.0,0.0,0.0
8476434,20202021,John Gibson,ANA,G,5on4,35,7536.0,1.66,2.0,26.0,0.99,1.0,2.48,2.0,17.43,16.0,3.58,2.0,5.81,2.0,12.55,17.0,1.66,16.0,6.0,2.0,0.42,0.7,0.54,1.0,1.0,0.0,2.0,0.0,1.0
8476341,20202021,Anton Forsberg,OTT,G,other,8,658.0,1.15,1.0,20.0,0.56,1.0,1.56,1.0,7.63,9.0,0.1,0.0,3.94,4.0,3.49,4.0,1.11,5.0,5.0,1.0,0.19,0.62,0.34,0.0,1.0,0.0,9.0,0.0,0.0
8476341,20202021,Anton Forsberg,OTT,G,all,8,26913.0,24.05,24.0,482.0,19.08,16.0,59.98,73.0,259.7,264.0,6.83,9.0,144.44,134.0,103.33,98.0,22.69,260.0,73.0,26.0,7.35,8.72,7.98,8.0,10.0,6.0,123.0,0.0,0.0
8476341,20202021,Anton Forsberg,OTT,G,5on5,8,22932.0,17.46,19.0,392.0,14.8,11.0,50.34,66.0,211.91,210.0,5.59,8.0,117.98,100.0,86.96,86.0,16.54,219.0,58.0,17.0,6.24,6.94,4.27,8.0,7.0,4.0,98.0,0.0,0.0
8476341,20202021,Anton Forsberg,OTT,G,4on5,8,1782.0,5.24,4.0,66.0,3.57,4.0,7.69,6.0,37.15,41.0,0.26,0.0,21.53,29.0,10.7,5.0,4.84,33.0,9.0,8.0,0.81,1.07,3.37,0.0,2.0,2.0,16.0,0.0,0.0
8476341,20202021,Anton Forsberg,OTT,G,5on4,8,1541.0,0.21,0.0,4.0,0.16,0.0,0.39,0.0,3.01,4.0,0.88,1.0,0.99,1.0,2.18,3.0,0.21,3.0,1.0,0.0,0.1,0.1,0.0,0.0,0.0,0.0,0.0,0.0,0.0
8477480,20202021,Eric Comrie,N.J,G,other,1,168.0,0.15,0.0,4.0,0.14,0.0,0.35,0.0,1.93,0.0,0.11,1.0,1.53,1.0,0.76,2.0,0.11,3.0,0.0,0.0,0.15,0.0,0.0,0.0,0.0,0.0,1.0,0.0,0.0
8477480,20202021,Eric Comrie,N.J,G,all,1,3600.0,3.08,3.0,59.0,2.77,4.0,7.99,5.0,35.42,33.0,1.26,4.0,21.57,16.0,13.47,22.0,2.94,37.0,10.0,3.0,1.14,1.23,0.71,2.0,0.0,1.0,9.0,0.0,0.0
8477480,20202021,Eric Comrie,N.J,G,5on5,1,2824.0,1.86,1.0,42.0,1.78,2.0,5.96,4.0,25.44,23.0,1.07,3.0,15.06,12.0,10.53,17.0,1.8,27.0,8.0,1.0,0.6,1.02,0.24,1.0,0.0,0.0,6.0,0.0,0.0
8477480,20202021,Eric Comrie,N.J,G,4on5,1,299.0,1.08,2.0,13.0,0.85,2.0,1.67,1.0,8.05,10.0,0.03,0.0,4.97,3.0,2.18,3.0,1.03,7.0,2.0,2.0,0.39,0.21,0.47,1.0,0.0,1.0,2.0,0.0,0.0
8477480,20202021,Eric Comrie,N.J,G,5on4,1,309.0,0.0,0.0,0.0,0.0,0.0,0.0,0.0,0.0,0.0,0.04,0.0,0.0,0.0,0.0,0.0,0.0,0.0,0.0,0.0,0.0,0.0,0.0,0.0,0.0,0.0,0.0,0.0,0.0
8479394,20202021,Carter Hart,PHI,G,other,27,1249.0,5.15,2.0,45.0,2.12,0.0,4.73,7.0,27.19,23.0,0.32,1.0,14.85,10.0,8.29,15.0,4.86,22.0,6.0,8.0,0.85,0.75,3.56,0.0,0.0,2.0,9.0,0.0,0.0
8479394,20202021,Carter Hart,PHI,G,all,27,87394.0,70.75,89.0,1264.0,49.48,56.0,158.77,168.0,707.69,721.0,21.88,30.0,383.06,255.0,280.1,373.0,68.8,694.0,199.0,72.0,20.0,24.71,26.05,26.0,29.0,34.0,299.0,2.0,1.0
8479394,20202021,Carter Hart,PHI,G,5on5,27,71641.0,46.61,64.0,1006.0,36.96,45.0,129.85,140.0,554.41,569.0,17.64,25.0,301.0,201.0,225.64,292.0,45.47,559.0,163.0,36.0,15.82,20.11,10.69,24.0,26.0,14.0,248.0,2.0,1.0
8479394,20202021,Carter Hart,PHI,G,4on5,27,7409.0,15.27,21.0,168.0,8.61,9.0,19.37,18.0,95.98,94.0,0.74,2.0,56.21,37.0,28.55,42.0,14.86,87.0,22.0,22.0,2.4,2.97,9.9,2.0,3.0,16.0,37.0,0.0,0.0
8479394,20202021,Carter Hart,PHI,G,5on4,27,7095.0,2.08,2.0,29.0,0.99,0.0,3.02,1.0,20.15,24.0,2.9,2.0,6.22,2.0,14.08,21.0,2.05,20.0,3.0,4.0,0.58,0.35,1.15,0.0,0.0,2.0,2.0,0.0,0.0
8478499,20202021,Adin Hill,ARI,G,other,19,1580.0,3.06,2.0,49.0,2.05,3.0,5.53,9.0,28.17,29.0,0.47,0.0,17.19,16.0,10.23,9.0,2.91,30.0,5.0,4.0,1.04,0.63,1.39,0.0,1.0,1.0,10.0,0.0,0.0
8478499,20202021,Adin Hill,ARI,G,all,19,60354.0,46.03,46.0,922.0,35.79,46.0,117.52,136.0,514.97,530.0,14.83,18.0,294.72,216.0,215.21,266.0,43.87,557.0,130.0,39.0,16.85,15.81,13.37,17.0,18.0,11.0,196.0,0.0,0.0
8478499,20202021,Adin Hill,ARI,G,5on5,19,49568.0,33.79,37.0,764.0,28.4,34.0,98.45,113.0,418.18,425.0,12.24,15.0,240.17,175.0,178.51,221.0,32.72,457.0,114.0,22.0,13.77,13.91,6.11,15.0,15.0,7.0,171.0,0.0,0.0
8478499,20202021,Adin Hill,ARI,G,4on5,19,3955.0,8.52,5.0,95.0,4.89,9.0,12.01,12.0,58.07,64.0,0.13,1.0,34.06,23.0,18.73,28.0,7.62,59.0,8.0,13.0,1.76,0.89,5.87,2.0,0.0,3.0,15.0,0.0,0.0
8478499,20202021,Adin Hill,ARI,G,5on4,19,5251.0,0.65,2.0,14.0,0.46,0.0,1.53,2.0,10.55,12.0,1.98,2.0,3.3,2.0,7.75,8.0,0.62,11.0,3.0,0.0,0.28,0.37,0.0,0.0,2.0,0.0,0.0,0.0,0.0
8479973,20202021,Stuart Skinner,EDM,G,other,1,3.0,0.0,0.0,0.0,0.0,0.0,0.0,0.0,0.0,0.0,0.0,0.0,0.0,0.0,0.0,0.0,0.0,0.0,0.0,0.0,0.0,0.0,0.0,0.0,0.0,0.0,0.0,0.0,0.0
8479973,20202021,Stuart Skinner,EDM,G,all,1,3581.0,4.11,5.0,65.0,2.65,6.0,8.45,6.0,36.92,38.0,1.02,0.0,20.13,18.0,14.43,13.0,3.94,35.0,10.0,6.0,0.87,1.24,1.99,1.0,1.0,3.0,14.0,0.0,0.0
8479973,20202021,Stuart Skinner,EDM,G,5on5,1,2700.0,3.16,3.0,55.0,2.19,6.0,7.49,6.0,31.18,31.0,0.66,0.0,16.54,14.0,12.55,12.0,3.0,29.0,10.0,4.0,0.81,1.24,1.11,1.0,1.0,1.0,12.0,0.0,0.0
8479973,20202021,Stuart Skinner,EDM,G,4on5,1,514.0,0.94,2.0,10.0,0.46,0.0,0.96,0.0,5.74,7.0,0.01,0.0,3.6,4.0,1.87,1.0,0.94,6.0,0.0,2.0,0.06,0.0,0.88,0.0,0.0,2.0,2.0,0.0,0.0
8479973,20202021,Stuart Skinner,EDM,G,5on4,1,364.0,0.0,0.0,0.0,0.0,0.0,0.0,0.0,0.0,0.0,0.35,0.0,0.0,0.0,0.0,0.0,0.0,0.0,0.0,0.0,0.0,0.0,0.0,0.0,0.0,0.0,0.0,0.0,0.0
8475660,20202021,Cam Talbot,MIN,G,other,33,3027.0,8.18,9.0,103.0,4.17,6.0,10.95,12.0,57.73,59.0,1.01,1.0,32.44,27.0,21.35,24.0,7.72,53.0,17.0,9.0,2.11,2.05,4.02,4.0,3.0,2.0,24.0,0.0,0.0
8475660,20202021,Cam Talbot,MIN,G,all,33,117687.0,83.82,86.0,1906.0,67.33,72.0,236.31,272.0,1011.75,1008.0,28.67,23.0,574.28,426.0,417.8,529.0,81.07,1118.0,221.0,73.0,31.37,26.59,25.86,33.0,30.0,23.0,494.0,0.0,0.0
8475660,20202021,Cam Talbot,MIN,G,5on5,33,95808.0,58.49,58.0,1506.0,51.09,53.0,193.62,223.0,799.32,785.0,22.22,16.0,452.35,323.0,334.89,437.0,56.9,900.0,172.0,44.0,25.0,20.8,12.68,24.0,24.0,10.0,390.0,0.0,0.0
8475660,20202021,Cam Talbot,MIN,G,4on5,33,9074.0,15.17,16.0,254.0,11.04,13.0,27.92,32.0,129.29,136.0,0.67,0.0,81.37,69.0,43.23,50.0,14.48,139.0,25.0,19.0,3.58,2.84,8.75,5.0,1.0,10.0,71.0,0.0,0.0
8475660,20202021,Cam Talbot,MIN,G,5on4,33,9778.0,1.6,2.0,38.0,0.87,0.0,3.25,4.0,22.33,25.0,4.64,6.0,6.91,6.0,16.74,18.0,1.59,24.0,5.0,1.0,0.6,0.59,0.41,0.0,1.0,1.0,8.0,0.0,0.0
8477967,20202021,Thatcher Demko,VAN,G,other,35,4135.0,7.94,7.0,94.0,4.29,5.0,9.94,11.0,53.81,49.0,0.79,0.0,35.45,36.0,15.45,14.0,7.42,39.0,26.0,10.0,1.47,3.04,3.43,1.0,2.0,4.0,19.0,0.0,0.0
8477967,20202021,Thatcher Demko,VAN,G,all,35,125212.0,105.78,99.0,2075.0,79.91,83.0,247.87,289.0,1120.12,1164.0,33.54,31.0,644.17,499.0,458.41,552.0,101.39,1148.0,327.0,99.0,34.26,39.39,32.12,33.0,34.0,32.0,501.0,0.0,0.0
8477967,20202021,Thatcher Demko,VAN,G,5on5,35,100570.0,76.11,69.0,1642.0,58.54,63.0,199.9,219.0,869.13,903.0,27.26,27.0,491.35,376.0,367.91,456.0,73.47,910.0,248.0,65.0,28.3,30.06,17.75,27.0,28.0,14.0,419.0,0.0,0.0
8477967,20202021,Thatcher Demko,VAN,G,4on5,35,11160.0,18.71,21.0,295.0,15.38,15.0,34.09,53.0,168.18,180.0,0.82,1.0,107.17,81.0,54.84,56.0,17.48,176.0,38.0,22.0,3.85,4.36,10.5,5.0,3.0,13.0,59.0,0.0,0.0
8477967,20202021,Thatcher Demko,VAN,G,5on4,35,9347.0,2.82,2.0,40.0,1.55,0.0,3.43,5.0,26.04,29.0,4.62,3.0,8.69,4.0,18.66,25.0,2.82,20.0,14.0,2.0,0.54,1.84,0.44,0.0,1.0,1.0,4.0,0.0,0.0
8476444,20202021,Christopher Gibson,T.B,G,other,2,95.0,0.15,0.0,2.0,0.11,0.0,0.47,1.0,1.56,1.0,0.0,0.0,0.79,0.0,0.43,1.0,0.15,1.0,1.0,0.0,0.04,0.12,0.0,0.0,0.0,0.0,0.0,0.0,0.0
8476444,20202021,Christopher Gibson,T.B,G,all,2,6778.0,3.76,5.0,72.0,2.56,1.0,8.34,7.0,37.6,40.0,1.96,2.0,20.26,15.0,14.91,21.0,3.73,32.0,17.0,2.0,0.77,2.24,0.76,1.0,3.0,1.0,21.0,0.0,0.0
8476444,20202021,Christopher Gibson,T.B,G,5on5,2,5804.0,2.73,4.0,59.0,1.94,1.0,6.78,6.0,30.25,32.0,1.88,2.0,15.82,9.0,12.75,19.0,2.71,27.0,13.0,1.0,0.6,1.76,0.37,1.0,3.0,0.0,18.0,0.0,0.0
8476444,20202021,Christopher Gibson,T.B,G,4on5,2,513.0,0.88,1.0,11.0,0.5,0.0,1.09,0.0,5.79,7.0,0.02,0.0,3.64,6.0,1.73,1.0,0.86,4.0,3.0,1.0,0.13,0.36,0.39,0.0,0.0,1.0,3.0,0.0,0.0
8476444,20202021,Christopher Gibson,T.B,G,5on4,2,366.0,0.0,0.0,0.0,0.0,0.0,0.0,0.0,0.0,0.0,0.06,0.0,0.0,0.0,0.0,0.0,0.0,0.0,0.0,0.0,0.0,0.0,0.0,0.0,0.0,0.0,0.0,0.0,0.0
8480382,20202021,Alexandar Georgiev,NYR,G,other,19,1246.0,2.7,4.0,33.0,1.61,1.0,3.86,1.0,18.84,21.0,0.4,2.0,9.65,9.0,6.44,10.0,2.51,15.0,6.0,4.0,0.51,0.72,1.47,1.0,2.0,1.0,8.0,0.0,0.0
8480382,20202021,Alexandar Georgiev,NYR,G,all,19,57260.0,36.83,44.0,885.0,32.31,22.0,111.95,109.0,472.65,465.0,14.86,22.0,273.37,210.0,199.79,260.0,35.75,537.0,101.0,32.0,14.18,12.2,10.45,14.0,15.0,15.0,215.0,0.0,0.0
8480382,20202021,Alexandar Georgiev,NYR,G,5on5,19,46844.0,26.29,32.0,725.0,24.55,14.0,94.3,93.0,382.52,382.0,11.75,12.0,219.06,167.0,164.35,211.0,25.8,444.0,80.0,17.0,12.03,9.56,4.7,11.0,11.0,10.0,184.0,0.0,0.0
8480382,20202021,Alexandar Georgiev,NYR,G,4on5,19,4302.0,6.73,6.0,113.0,5.55,7.0,12.34,14.0,60.88,53.0,0.4,1.0,41.34,31.0,21.83,31.0,6.32,68.0,13.0,9.0,1.41,1.6,3.72,2.0,2.0,2.0,23.0,0.0,0.0
8480382,20202021,Alexandar Georgiev,NYR,G,5on4,19,4868.0,1.11,2.0,14.0,0.59,0.0,1.46,1.0,10.41,9.0,2.31,7.0,3.32,3.0,7.16,8.0,1.11,10.0,2.0,2.0,0.24,0.32,0.56,0.0,0.0,2.0,0.0,0.0,0.0
8476899,20202021,Matt Murray,OTT,G,other,27,1713.0,2.61,2.0,46.0,1.53,1.0,4.48,7.0,23.12,21.0,0.89,2.0,11.83,8.0,10.84,14.0,2.56,20.0,9.0,3.0,0.73,0.94,0.93,0.0,1.0,1.0,14.0,0.0,0.0
8476899,20202021,Matt Murray,OTT,G,all,27,84251.0,63.09,79.0,1332.0,50.03,46.0,159.4,175.0,709.54,738.0,22.5,27.0,409.39,325.0,296.38,359.0,61.11,742.0,203.0,56.0,20.28,24.48,18.32,29.0,25.0,25.0,331.0,2.0,1.0
8476899,20202021,Matt Murray,OTT,G,5on5,27,66993.0,44.67,57.0,1044.0,37.17,35.0,129.8,143.0,553.01,579.0,17.43,21.0,319.52,253.0,234.13,282.0,43.41,596.0,153.0,34.0,16.93,18.49,9.24,26.0,22.0,9.0,261.0,2.0,1.0
8476899,20202021,Matt Murray,OTT,G,4on5,27,8509.0,13.96,16.0,212.0,10.31,9.0,22.28,24.0,113.35,118.0,0.66,0.0,71.75,59.0,37.04,47.0,13.4,106.0,36.0,17.0,2.19,4.28,7.49,1.0,2.0,13.0,53.0,0.0,0.0
8476899,20202021,Matt Murray,OTT,G,5on4,27,7036.0,1.85,4.0,30.0,1.02,1.0,2.84,1.0,20.06,20.0,3.52,4.0,6.28,5.0,14.38,16.0,1.73,20.0,5.0,2.0,0.43,0.77,0.66,2.0,0.0,2.0,3.0,0.0,0.0
8471418,20202021,Anton Khudobin,DAL,G,other,32,1196.0,4.23,4.0,53.0,2.03,4.0,5.46,3.0,26.74,32.0,1.0,2.0,13.92,9.0,10.38,15.0,4.08,20.0,12.0,5.0,0.68,1.58,1.96,0.0,2.0,2.0,16.0,0.0,0.0
8471418,20202021,Anton Khudobin,DAL,G,all,32,107677.0,65.99,76.0,1525.0,53.65,45.0,185.62,183.0,803.85,800.0,28.5,42.0,457.5,372.0,344.77,436.0,64.51,898.0,190.0,47.0,25.64,22.75,17.59,28.0,26.0,22.0,390.0,2.0,1.0
8471418,20202021,Anton Khudobin,DAL,G,5on5,32,89039.0,42.72,48.0,1179.0,38.91,28.0,148.67,146.0,616.39,599.0,22.78,33.0,350.81,290.0,270.88,345.0,41.98,715.0,138.0,20.0,20.85,16.54,5.33,25.0,18.0,5.0,306.0,2.0,1.0
8471418,20202021,Anton Khudobin,DAL,G,4on5,32,8751.0,16.98,20.0,248.0,11.34,13.0,27.15,31.0,129.9,136.0,0.62,0.0,81.69,66.0,42.23,49.0,16.43,132.0,31.0,21.0,3.31,3.62,10.05,1.0,4.0,15.0,64.0,0.0,0.0
8471418,20202021,Anton Khudobin,DAL,G,5on4,32,8691.0,1.18,3.0,32.0,0.83,0.0,2.7,2.0,21.8,25.0,3.78,6.0,6.97,4.0,16.74,20.0,1.15,24.0,4.0,1.0,0.47,0.47,0.24,2.0,1.0,0.0,3.0,0.0,0.0
8470880,20202021,Brian Elliott,PHI,G,other,30,2130.0,2.6,2.0,47.0,1.82,1.0,5.44,6.0,27.21,25.0,1.11,1.0,15.66,13.0,11.54,16.0,2.49,30.0,6.0,2.0,1.08,0.69,0.83,2.0,0.0,0.0,9.0,0.0,0.0
8470880,20202021,Brian Elliott,PHI,G,all,30,96463.0,62.68,82.0,1302.0,49.53,55.0,164.58,183.0,722.4,738.0,27.53,38.0,404.56,255.0,299.0,396.0,61.13,757.0,187.0,60.0,20.62,22.49,19.57,31.0,28.0,23.0,298.0,0.0,0.0
8470880,20202021,Brian Elliott,PHI,G,5on5,30,79986.0,47.08,62.0,1034.0,37.4,45.0,135.13,146.0,573.9,590.0,21.66,30.0,318.98,196.0,240.5,321.0,45.99,600.0,157.0,41.0,17.14,18.83,11.11,23.0,25.0,14.0,236.0,0.0,0.0
8470880,20202021,Brian Elliott,PHI,G,4on5,30,6922.0,10.5,15.0,184.0,8.97,9.0,20.72,29.0,98.59,100.0,0.67,1.0,62.51,40.0,32.13,41.0,10.17,108.0,17.0,13.0,1.81,2.05,6.64,3.0,3.0,9.0,46.0,0.0,0.0
8470880,20202021,Brian Elliott,PHI,G,5on4,30,7425.0,1.9,2.0,30.0,0.95,0.0,2.39,2.0,18.32,17.0,3.95,6.0,5.5,4.0,12.78,15.0,1.88,16.0,5.0,3.0,0.47,0.68,0.76,2.0,0.0,0.0,6.0,0.0,0.0
8476904,20202021,Chris Driedger,FLA,G,other,23,3102.0,3.48,6.0,67.0,2.53,3.0,6.98,5.0,35.96,35.0,1.2,2.0,19.84,15.0,13.95,17.0,3.41,35.0,10.0,3.0,1.47,1.28,0.73,3.0,2.0,1.0,19.0,0.0,0.0
8476904,20202021,Chris Driedger,FLA,G,all,23,81696.0,49.97,47.0,1144.0,42.82,46.0,146.74,144.0,637.19,637.0,23.08,31.0,361.16,303.0,268.43,322.0,48.66,688.0,165.0,37.0,19.37,20.1,10.5,18.0,22.0,7.0,254.0,0.0,0.0
8476904,20202021,Chris Driedger,FLA,G,5on5,23,65399.0,37.24,29.0,902.0,31.9,37.0,118.84,116.0,496.81,496.0,17.7,21.0,279.24,237.0,212.37,254.0,36.42,548.0,122.0,26.0,15.01,15.08,7.14,12.0,13.0,4.0,206.0,0.0,0.0
8476904,20202021,Chris Driedger,FLA,G,4on5,23,6249.0,7.86,11.0,152.0,7.67,5.0,18.97,21.0,88.68,89.0,0.58,1.0,57.24,48.0,30.42,37.0,7.45,91.0,28.0,6.0,2.49,3.23,2.15,3.0,6.0,2.0,27.0,0.0,0.0
8476904,20202021,Chris Driedger,FLA,G,5on4,23,6946.0,1.39,1.0,23.0,0.72,1.0,1.95,2.0,15.75,17.0,3.58,7.0,4.83,3.0,11.68,14.0,1.39,14.0,5.0,2.0,0.4,0.5,0.49,0.0,1.0,0.0,2.0,0.0,0.0
8477361,20202021,Calvin Petersen,L.A,G,other,35,2855.0,7.32,7.0,104.0,4.73,5.0,11.17,7.0,61.85,66.0,0.55,2.0,40.19,35.0,19.62,28.0,6.46,56.0,21.0,8.0,2.11,2.57,2.64,0.0,4.0,3.0,19.0,0.0,0.0
8477361,20202021,Calvin Petersen,L.A,G,all,35,119840.0,93.92,97.0,1952.0,74.24,92.0,246.14,232.0,1069.88,1095.0,28.38,37.0,607.81,433.0,434.67,604.0,89.39,1154.0,236.0,101.0,33.52,28.61,31.78,35.0,35.0,27.0,461.0,0.0,0.0
8477361,20202021,Calvin Petersen,L.A,G,5on5,35,98532.0,66.73,66.0,1530.0,54.74,72.0,197.73,189.0,824.74,823.0,23.26,27.0,462.07,322.0,344.12,476.0,64.57,899.0,187.0,66.0,26.39,22.93,17.41,29.0,28.0,9.0,378.0,0.0,0.0
8477361,20202021,Calvin Petersen,L.A,G,4on5,35,8935.0,17.14,19.0,272.0,13.17,14.0,32.33,34.0,152.1,165.0,0.29,0.0,94.16,71.0,48.53,69.0,15.65,168.0,19.0,23.0,4.37,2.09,10.67,6.0,0.0,13.0,62.0,0.0,0.0
8477361,20202021,Calvin Petersen,L.A,G,5on4,35,9518.0,2.4,3.0,41.0,1.37,1.0,4.3,2.0,27.87,37.0,4.24,8.0,9.42,4.0,20.64,29.0,2.39,29.0,6.0,4.0,0.6,0.76,1.05,0.0,1.0,2.0,2.0,0.0,0.0
8477465,20202021,Tristan Jarry,PIT,G,other,39,2432.0,5.75,7.0,62.0,2.98,5.0,7.01,9.0,36.22,37.0,1.1,2.0,21.72,16.0,12.2,14.0,5.4,31.0,13.0,7.0,1.09,1.56,3.11,2.0,1.0,4.0,11.0,0.0,0.0
8477465,20202021,Tristan Jarry,PIT,G,all,39,131118.0,88.24,100.0,1893.0,74.12,70.0,243.1,259.0,1055.13,1098.0,33.58,35.0,589.63,448.0,430.96,548.0,85.56,1123.0,249.0,88.0,29.8,31.24,27.21,34.0,34.0,32.0,433.0,8.0,4.0
8477465,20202021,Tristan Jarry,PIT,G,5on5,39,110761.0,67.88,69.0,1540.0,57.1,53.0,202.99,209.0,853.22,888.0,27.08,26.0,473.73,371.0,350.06,447.0,65.83,908.0,210.0,61.0,24.94,26.63,16.3,25.0,28.0,16.0,361.0,6.0,3.0
8477465,20202021,Tristan Jarry,PIT,G,4on5,39,8883.0,10.8,21.0,230.0,11.77,12.0,27.77,35.0,127.29,132.0,0.58,0.0,80.76,52.0,42.7,54.0,10.54,151.0,12.0,15.0,2.84,1.54,6.43,5.0,5.0,11.0,52.0,2.0,1.0
8477465,20202021,Tristan Jarry,PIT,G,5on4,39,9042.0,3.2,2.0,48.0,1.72,0.0,3.9,4.0,30.83,36.0,4.5,6.0,9.67,8.0,22.57,27.0,3.19,25.0,13.0,4.0,0.61,1.43,1.16,1.0,0.0,1.0,6.0,0.0,0.0
8475789,20202021,Jack Campbell,TOR,G,other,22,2083.0,4.88,5.0,63.0,2.71,2.0,5.96,10.0,33.33,36.0,0.61,0.0,20.71,15.0,9.69,13.0,4.58,27.0,13.0,5.0,1.19,1.5,2.18,2.0,1.0,2.0,18.0,0.0,0.0
8475789,20202021,Jack Campbell,TOR,G,all,22,77064.0,54.4,46.0,1091.0,42.35,32.0,129.67,165.0,583.07,585.0,21.69,13.0,334.22,262.0,236.37,298.0,52.47,570.0,207.0,39.0,18.06,24.89,11.45,15.0,21.0,10.0,275.0,0.0,0.0
8475789,20202021,Jack Campbell,TOR,G,5on5,22,64304.0,40.3,33.0,872.0,31.92,21.0,105.5,134.0,458.77,459.0,17.2,12.0,261.07,199.0,190.32,249.0,39.16,459.0,159.0,26.0,13.88,19.25,7.17,12.0,14.0,7.0,228.0,0.0,0.0
8475789,20202021,Jack Campbell,TOR,G,4on5,22,4965.0,7.46,5.0,123.0,6.74,8.0,15.38,19.0,72.09,68.0,0.64,0.0,45.97,42.0,22.93,23.0,7.0,67.0,27.0,7.0,2.58,3.1,1.77,1.0,3.0,1.0,22.0,0.0,0.0
8475789,20202021,Jack Campbell,TOR,G,5on4,22,5712.0,1.64,3.0,29.0,0.87,1.0,2.4,2.0,17.43,21.0,3.13,1.0,5.79,4.0,12.79,13.0,1.63,16.0,7.0,1.0,0.38,0.94,0.32,0.0,3.0,0.0,5.0,0.0,0.0
8476509,20202021,Maxime Lagace,PIT,G,other,1,118.0,0.32,0.0,3.0,0.2,0.0,0.27,0.0,2.25,2.0,0.0,0.0,1.61,2.0,0.53,1.0,0.31,2.0,0.0,1.0,0.1,0.0,0.22,0.0,0.0,0.0,0.0,0.0,0.0
8476509,20202021,Maxime Lagace,PIT,G,all,1,3600.0,2.0,0.0,44.0,1.68,2.0,6.04,6.0,27.09,29.0,0.59,0.0,14.71,12.0,11.73,15.0,1.9,31.0,4.0,2.0,0.83,0.56,0.61,0.0,0.0,0.0,7.0,0.0,0.0
8476509,20202021,Maxime Lagace,PIT,G,5on5,1,3122.0,1.64,0.0,36.0,1.23,1.0,5.33,6.0,22.57,24.0,0.53,0.0,12.06,9.0,10.01,13.0,1.56,26.0,4.0,1.0,0.69,0.56,0.39,0.0,0.0,0.0,5.0,0.0,0.0
8476509,20202021,Maxime Lagace,PIT,G,4on5,1,120.0,0.03,0.0,3.0,0.22,1.0,0.37,0.0,1.54,2.0,0.0,0.0,0.79,0.0,0.55,1.0,0.03,2.0,0.0,0.0,0.03,0.0,0.0,0.0,0.0,0.0,1.0,0.0,0.0
8476509,20202021,Maxime Lagace,PIT,G,5on4,1,240.0,0.01,0.0,2.0,0.02,0.0,0.06,0.0,0.72,1.0,0.07,0.0,0.25,1.0,0.64,0.0,0.01,1.0,0.0,0.0,0.01,0.0,0.0,0.0,0.0,0.0,1.0,0.0,0.0
8478492,20202021,Ilya Samsonov,WSH,G,other,19,1988.0,3.63,4.0,61.0,2.77,4.0,7.39,8.0,36.24,36.0,0.46,1.0,22.42,16.0,12.55,18.0,3.41,33.0,14.0,3.0,1.08,1.69,0.85,3.0,0.0,1.0,11.0,0.0,0.0
8478492,20202021,Ilya Samsonov,WSH,G,all,19,65569.0,43.44,49.0,909.0,34.62,41.0,116.77,106.0,496.65,499.0,15.7,14.0,279.39,224.0,201.06,258.0,41.88,530.0,118.0,44.0,15.66,13.98,13.8,17.0,14.0,18.0,217.0,0.0,0.0
8478492,20202021,Ilya Samsonov,WSH,G,5on5,19,53219.0,30.7,34.0,706.0,24.94,29.0,93.35,87.0,381.84,383.0,12.49,11.0,212.27,173.0,157.99,195.0,29.69,419.0,82.0,31.0,12.34,9.5,8.86,12.0,11.0,11.0,174.0,0.0,0.0
8478492,20202021,Ilya Samsonov,WSH,G,4on5,19,5435.0,8.14,9.0,122.0,6.31,8.0,14.42,10.0,66.52,70.0,0.33,0.0,40.58,31.0,21.17,35.0,7.8,65.0,18.0,10.0,1.77,2.28,4.09,1.0,2.0,6.0,29.0,0.0,0.0
8478492,20202021,Ilya Samsonov,WSH,G,5on4,19,4927.0,0.93,2.0,18.0,0.55,0.0,1.48,1.0,11.39,9.0,2.39,2.0,3.73,4.0,8.97,9.0,0.93,12.0,4.0,0.0,0.43,0.5,0.0,1.0,1.0,0.0,2.0,0.0,0.0
8475311,20202021,Darcy Kuemper,ARI,G,other,27,2293.0,6.73,5.0,86.0,3.57,4.0,9.39,13.0,46.49,50.0,0.59,0.0,27.97,24.0,14.63,16.0,6.33,38.0,17.0,9.0,1.16,2.18,3.39,1.0,1.0,3.0,22.0,4.0,2.0
8475311,20202021,Darcy Kuemper,ARI,G,all,27,92797.0,65.78,66.0,1325.0,49.25,62.0,163.11,161.0,711.06,713.0,22.68,14.0,401.1,318.0,288.58,362.0,63.42,763.0,159.0,69.0,21.18,19.61,24.98,22.0,22.0,22.0,334.0,4.0,2.0
8475311,20202021,Darcy Kuemper,ARI,G,5on5,27,74357.0,41.51,47.0,1007.0,35.34,46.0,129.99,124.0,536.64,531.0,18.22,11.0,299.76,235.0,224.93,283.0,40.11,595.0,117.0,37.0,16.89,14.33,10.29,20.0,19.0,8.0,258.0,0.0,0.0
8475311,20202021,Darcy Kuemper,ARI,G,4on5,27,7702.0,15.24,13.0,202.0,9.17,11.0,20.95,23.0,107.0,110.0,0.48,1.0,66.78,58.0,34.45,39.0,14.76,112.0,20.0,18.0,2.71,2.47,10.06,1.0,1.0,11.0,52.0,0.0,0.0
8475311,20202021,Darcy Kuemper,ARI,G,5on4,27,8445.0,2.3,1.0,30.0,1.16,1.0,2.77,1.0,20.93,22.0,3.4,2.0,6.6,1.0,14.57,24.0,2.23,18.0,5.0,5.0,0.42,0.63,1.25,0.0,1.0,0.0,2.0,0.0,0.0
8479406,20202021,Filip Gustavsson,OTT,G,other,9,738.0,1.0,2.0,18.0,0.69,0.0,1.95,1.0,10.11,11.0,0.11,0.0,6.39,7.0,3.63,3.0,0.96,10.0,3.0,1.0,0.37,0.37,0.26,1.0,1.0,0.0,4.0,0.0,0.0
8479406,20202021,Filip Gustavsson,OTT,G,all,9,28294.0,18.11,17.0,486.0,17.4,12.0,59.02,58.0,253.71,254.0,6.23,7.0,150.03,121.0,111.97,150.0,17.73,300.0,53.0,12.0,8.09,6.76,3.26,3.0,10.0,4.0,121.0,0.0,0.0
8479406,20202021,Filip Gustavsson,OTT,G,5on5,9,22963.0,14.6,11.0,379.0,13.33,12.0,48.53,54.0,201.91,202.0,5.28,7.0,116.55,89.0,87.36,118.0,14.27,235.0,42.0,10.0,6.62,5.38,2.61,2.0,6.0,3.0,92.0,0.0,0.0
8479406,20202021,Filip Gustavsson,OTT,G,4on5,9,2590.0,1.52,3.0,68.0,2.75,0.0,6.56,2.0,28.45,28.0,0.17,0.0,22.64,21.0,11.42,18.0,1.5,41.0,4.0,1.0,0.61,0.52,0.39,0.0,2.0,1.0,22.0,0.0,0.0
8479406,20202021,Filip Gustavsson,OTT,G,5on4,9,2003.0,0.88,1.0,17.0,0.57,0.0,1.6,1.0,11.77,12.0,0.59,0.0,3.67,3.0,8.94,10.0,0.88,12.0,4.0,0.0,0.38,0.5,0.0,0.0,1.0,0.0,1.0,0.0,0.0
8480045,20202021,Ukko-Pekka Luukkonen,BUF,G,other,4,400.0,0.72,1.0,9.0,0.48,0.0,1.25,1.0,6.39,6.0,0.13,0.0,4.22,4.0,2.12,3.0,0.51,4.0,5.0,0.0,0.15,0.56,0.0,1.0,0.0,0.0,0.0,0.0,0.0
8480045,20202021,Ukko-Pekka Luukkonen,BUF,G,all,4,13002.0,12.33,14.0,240.0,10.12,10.0,33.43,45.0,146.91,149.0,3.11,5.0,84.33,57.0,58.98,67.0,11.49,144.0,52.0,8.0,4.16,6.08,2.09,7.0,5.0,2.0,36.0,0.0,0.0
8480045,20202021,Ukko-Pekka Luukkonen,BUF,G,5on5,4,11127.0,8.99,11.0,193.0,7.71,9.0,27.85,38.0,118.65,123.0,2.67,5.0,65.45,38.0,49.16,58.0,8.55,123.0,33.0,7.0,3.3,3.9,1.78,4.0,5.0,2.0,30.0,0.0,0.0
8480045,20202021,Ukko-Pekka Luukkonen,BUF,G,4on5,4,859.0,2.62,2.0,38.0,1.93,1.0,4.33,6.0,21.86,20.0,0.03,0.0,14.66,15.0,7.7,6.0,2.44,17.0,14.0,1.0,0.7,1.61,0.3,2.0,0.0,0.0,6.0,0.0,0.0
8480045,20202021,Ukko-Pekka Luukkonen,BUF,G,5on4,4,616.0,0.0,0.0,0.0,0.0,0.0,0.0,0.0,0.0,0.0,0.29,0.0,0.0,0.0,0.0,0.0,0.0,0.0,0.0,0.0,0.0,0.0,0.0,0.0,0.0,0.0,0.0,0.0,0.0
8478009,20202021,Ilya Sorokin,NYI,G,other,22,1364.0,5.07,3.0,41.0,1.89,4.0,4.47,3.0,25.32,19.0,0.52,0.0,12.99,9.0,8.78,13.0,4.07,15.0,13.0,6.0,0.63,1.66,2.78,0.0,2.0,1.0,7.0,0.0,0.0
8478009,20202021,Ilya Sorokin,NYI,G,all,22,76307.0,48.5,46.0,1070.0,39.22,37.0,131.47,115.0,573.02,563.0,19.68,28.0,321.21,219.0,237.29,348.0,46.4,610.0,145.0,41.0,16.94,17.95,13.62,19.0,17.0,10.0,274.0,0.0,0.0
8478009,20202021,Ilya Sorokin,NYI,G,5on5,22,63740.0,36.08,38.0,899.0,31.45,27.0,112.86,101.0,475.64,476.0,15.07,23.0,268.75,180.0,197.72,293.0,35.16,524.0,111.0,27.0,14.43,13.74,7.9,18.0,14.0,6.0,237.0,0.0,0.0
8478009,20202021,Ilya Sorokin,NYI,G,4on5,22,4310.0,6.0,5.0,100.0,4.97,5.0,11.41,10.0,53.39,51.0,0.32,1.0,32.74,28.0,17.12,25.0,5.83,50.0,17.0,7.0,1.28,2.11,2.61,1.0,1.0,3.0,26.0,0.0,0.0
8478009,20202021,Ilya Sorokin,NYI,G,5on4,22,6893.0,1.2,0.0,26.0,0.79,1.0,2.47,1.0,17.16,16.0,3.57,4.0,6.01,2.0,12.97,15.0,1.19,20.0,3.0,1.0,0.56,0.32,0.32,0.0,0.0,0.0,2.0,0.0,0.0
8471679,20202021,Carey Price,MTL,G,other,25,1579.0,3.85,7.0,47.0,1.98,1.0,5.25,4.0,29.08,28.0,0.35,1.0,14.97,10.0,12.08,16.0,3.78,18.0,19.0,2.0,0.79,2.35,0.72,3.0,3.0,1.0,8.0,0.0,0.0
8471679,20202021,Carey Price,MTL,G,all,25,88725.0,63.54,65.0,1220.0,46.75,51.0,151.94,150.0,664.29,659.0,24.2,26.0,372.11,280.0,269.45,359.0,60.6,683.0,181.0,62.0,20.32,21.78,21.45,19.0,26.0,20.0,294.0,0.0,0.0
8471679,20202021,Carey Price,MTL,G,5on5,25,74832.0,40.76,37.0,961.0,33.51,33.0,122.3,129.0,505.03,491.0,20.29,18.0,283.61,216.0,211.56,280.0,39.5,551.0,122.0,36.0,16.11,14.58,10.08,13.0,17.0,7.0,252.0,0.0,0.0
8471679,20202021,Carey Price,MTL,G,4on5,25,6418.0,17.74,20.0,188.0,10.64,16.0,22.44,16.0,115.27,123.0,0.65,0.0,69.03,54.0,35.48,47.0,16.13,99.0,38.0,22.0,3.01,4.6,10.13,3.0,6.0,11.0,29.0,0.0,0.0
8471679,20202021,Carey Price,MTL,G,5on4,25,5896.0,0.84,1.0,19.0,0.44,1.0,1.45,1.0,11.74,15.0,2.59,7.0,3.29,0.0,8.66,12.0,0.82,13.0,0.0,2.0,0.31,0.0,0.53,0.0,0.0,1.0,4.0,0.0,0.0
8474889,20202021,Martin Jones,S.J,G,other,34,2864.0,8.41,8.0,111.0,5.25,8.0,13.09,12.0,65.85,66.0,1.01,7.0,39.31,28.0,21.65,33.0,7.68,53.0,28.0,10.0,1.99,3.31,3.11,2.0,4.0,2.0,20.0,0.0,0.0
8474889,20202021,Martin Jones,S.J,G,all,34,112105.0,83.11,102.0,1830.0,69.64,72.0,231.27,200.0,994.16,980.0,29.58,39.0,566.2,465.0,405.69,522.0,80.28,1061.0,244.0,84.0,28.5,29.53,25.08,35.0,39.0,28.0,441.0,0.0,0.0
8474889,20202021,Martin Jones,S.J,G,5on5,34,90871.0,60.44,70.0,1440.0,50.91,53.0,186.48,164.0,771.01,749.0,23.76,28.0,434.2,355.0,321.1,416.0,58.63,836.0,182.0,60.0,22.3,22.14,15.99,27.0,28.0,15.0,362.0,0.0,0.0
8474889,20202021,Martin Jones,S.J,G,4on5,34,9320.0,11.5,21.0,232.0,12.05,10.0,27.76,19.0,128.64,131.0,1.19,0.0,83.61,72.0,42.98,55.0,11.24,145.0,27.0,10.0,3.54,3.13,4.83,6.0,6.0,9.0,50.0,0.0,0.0
8474889,20202021,Martin Jones,S.J,G,5on4,34,9050.0,2.57,3.0,42.0,1.32,1.0,3.62,5.0,26.23,32.0,3.46,3.0,8.25,8.0,18.47,17.0,2.53,25.0,6.0,4.0,0.59,0.83,1.15,0.0,1.0,2.0,7.0,0.0,0.0
8478406,20202021,Mackenzie Blackwood,N.J,G,other,35,2577.0,5.17,5.0,85.0,3.21,2.0,8.09,8.0,43.69,54.0,1.06,0.0,25.65,25.0,16.42,18.0,4.84,36.0,21.0,3.0,1.49,2.42,1.26,4.0,1.0,0.0,25.0,0.0,0.0
8478406,20202021,Mackenzie Blackwood,N.J,G,all,35,125437.0,97.45,106.0,1863.0,71.49,75.0,240.79,260.0,1050.47,1082.0,31.09,36.0,586.73,404.0,423.2,560.0,94.63,1081.0,283.0,90.0,31.21,34.52,31.71,34.0,35.0,37.0,409.0,0.0,0.0
8478406,20202021,Mackenzie Blackwood,N.J,G,5on5,35,105501.0,70.46,75.0,1519.0,54.83,56.0,202.31,226.0,848.73,868.0,25.98,30.0,473.93,321.0,348.99,465.0,68.65,902.0,214.0,62.0,26.04,26.23,18.19,28.0,29.0,18.0,341.0,0.0,0.0
8478406,20202021,Mackenzie Blackwood,N.J,G,4on5,35,8477.0,18.99,23.0,223.0,12.07,17.0,27.07,22.0,132.64,133.0,0.53,2.0,79.18,52.0,40.03,58.0,18.31,124.0,35.0,23.0,3.07,4.11,11.8,1.0,4.0,18.0,41.0,0.0,0.0
8478406,20202021,Mackenzie Blackwood,N.J,G,5on4,35,8882.0,2.83,3.0,36.0,1.39,0.0,3.32,4.0,25.41,27.0,3.53,4.0,7.95,6.0,17.76,19.0,2.83,19.0,13.0,2.0,0.61,1.76,0.45,1.0,1.0,1.0,2.0,0.0,0.0
8481031,20202021,Ivan Prosvetov,ARI,G,other,3,116.0,0.0,0.0,0.0,0.0,0.0,0.0,0.0,0.0,0.0,0.1,0.0,0.0,0.0,0.0,0.0,0.0,0.0,0.0,0.0,0.0,0.0,0.0,0.0,0.0,0.0,0.0,0.0,0.0
8481031,20202021,Ivan Prosvetov,ARI,G,all,3,7801.0,4.93,9.0,113.0,3.8,2.0,11.6,12.0,52.44,51.0,2.12,0.0,31.59,25.0,22.35,27.0,4.83,52.0,21.0,3.0,1.83,2.33,0.77,4.0,4.0,1.0,37.0,0.0,0.0
8481031,20202021,Ivan Prosvetov,ARI,G,5on5,3,6181.0,3.69,6.0,92.0,3.06,2.0,10.04,10.0,43.34,42.0,1.73,0.0,25.49,20.0,18.33,24.0,3.67,46.0,13.0,3.0,1.5,1.43,0.77,3.0,2.0,1.0,30.0,0.0,0.0
8481031,20202021,Ivan Prosvetov,ARI,G,4on5,3,645.0,1.05,3.0,17.0,0.64,0.0,1.26,1.0,6.99,6.0,0.03,0.0,5.32,4.0,2.45,2.0,0.98,4.0,7.0,0.0,0.24,0.81,0.0,1.0,2.0,0.0,6.0,0.0,0.0
8481031,20202021,Ivan Prosvetov,ARI,G,5on4,3,859.0,0.18,0.0,4.0,0.1,0.0,0.3,1.0,2.11,3.0,0.25,0.0,0.78,1.0,1.57,1.0,0.18,2.0,1.0,0.0,0.09,0.1,0.0,0.0,0.0,0.0,1.0,0.0,0.0
8475920,20202021,Michael Houser,BUF,G,other,4,92.0,0.36,0.0,7.0,0.4,0.0,0.91,2.0,4.94,6.0,0.01,0.0,3.91,5.0,1.28,0.0,0.33,6.0,1.0,0.0,0.2,0.16,0.0,0.0,0.0,0.0,0.0,0.0,0.0
8475920,20202021,Michael Houser,BUF,G,all,4,14582.0,9.45,14.0,222.0,8.59,6.0,27.51,29.0,121.76,141.0,3.36,5.0,74.4,54.0,51.28,65.0,9.26,139.0,30.0,6.0,3.96,3.74,1.75,9.0,3.0,2.0,47.0,0.0,0.0
8475920,20202021,Michael Houser,BUF,G,5on5,4,13133.0,8.35,12.0,202.0,7.49,6.0,25.09,25.0,108.11,123.0,2.96,5.0,65.32,43.0,46.39,63.0,8.18,124.0,26.0,6.0,3.46,3.14,1.75,8.0,2.0,2.0,46.0,0.0,0.0
8475920,20202021,Michael Houser,BUF,G,4on5,4,561.0,0.41,1.0,10.0,0.53,0.0,1.24,2.0,6.34,9.0,0.01,0.0,4.39,4.0,2.23,2.0,0.41,7.0,2.0,0.0,0.18,0.24,0.0,0.0,1.0,0.0,1.0,0.0,0.0
8475920,20202021,Michael Houser,BUF,G,5on4,4,796.0,0.14,1.0,2.0,0.08,0.0,0.18,0.0,1.45,2.0,0.35,0.0,0.49,1.0,1.08,0.0,0.14,2.0,0.0,0.0,0.14,0.0,0.0,1.0,0.0,0.0,0.0,0.0,0.0
8477405,20202021,Marcus Hogberg,OTT,G,other,14,549.0,1.58,2.0,19.0,0.88,0.0,1.9,1.0,10.88,10.0,0.11,0.0,6.73,8.0,3.54,3.0,1.57,10.0,3.0,2.0,0.56,0.51,0.51,0.0,1.0,1.0,4.0,0.0,0.0
8477405,20202021,Marcus Hogberg,OTT,G,all,14,38510.0,28.13,40.0,578.0,22.03,21.0,70.92,69.0,312.83,322.0,10.87,18.0,179.37,149.0,132.03,152.0,27.12,323.0,92.0,28.0,9.82,10.49,7.81,18.0,13.0,9.0,135.0,0.0,0.0
8477405,20202021,Marcus Hogberg,OTT,G,5on5,14,31804.0,21.6,30.0,478.0,16.9,20.0,59.98,57.0,252.01,257.0,9.26,17.0,142.65,110.0,107.25,130.0,20.84,264.0,69.0,24.0,7.48,7.73,6.39,15.0,9.0,6.0,121.0,0.0,0.0
8477405,20202021,Marcus Hogberg,OTT,G,4on5,14,2493.0,4.33,8.0,67.0,3.76,1.0,7.76,9.0,41.02,45.0,0.32,0.0,26.99,28.0,13.9,12.0,4.1,38.0,18.0,2.0,1.37,2.04,0.92,3.0,3.0,2.0,9.0,0.0,0.0
8477405,20202021,Marcus Hogberg,OTT,G,5on4,14,3664.0,0.61,0.0,14.0,0.5,0.0,1.27,2.0,8.92,10.0,1.18,1.0,3.0,3.0,7.34,7.0,0.61,11.0,2.0,0.0,0.41,0.2,0.0,0.0,0.0,0.0,1.0,0.0,0.0
8471306,20202021,Thomas Greiss,DET,G,other,34,2129.0,4.64,6.0,76.0,3.27,1.0,8.47,10.0,44.03,44.0,0.81,0.0,25.62,22.0,18.54,23.0,4.47,41.0,17.0,4.0,1.48,2.03,1.13,3.0,2.0,1.0,14.0,0.0,0.0
8471306,20202021,Thomas Greiss,DET,G,all,34,105309.0,73.32,79.0,1596.0,59.67,50.0,203.99,179.0,888.62,893.0,23.4,21.0,501.57,409.0,367.69,493.0,70.75,976.0,193.0,66.0,27.71,22.83,22.77,30.0,28.0,21.0,361.0,2.0,1.0
8471306,20202021,Thomas Greiss,DET,G,5on5,34,87957.0,49.32,50.0,1270.0,44.6,36.0,168.34,146.0,700.2,692.0,19.53,19.0,395.64,319.0,294.24,402.0,48.06,800.0,139.0,36.0,22.84,16.39,10.09,23.0,19.0,8.0,295.0,2.0,1.0
8471306,20202021,Thomas Greiss,DET,G,4on5,34,7615.0,17.26,21.0,211.0,10.39,13.0,22.97,20.0,116.8,124.0,0.51,0.0,70.41,60.0,36.33,44.0,16.13,109.0,26.0,26.0,2.65,3.06,11.55,3.0,6.0,12.0,50.0,0.0,0.0
8471306,20202021,Thomas Greiss,DET,G,5on4,34,7608.0,1.7,0.0,30.0,1.01,0.0,2.65,3.0,20.72,26.0,2.4,2.0,6.85,7.0,15.23,18.0,1.7,18.0,10.0,0.0,0.44,1.25,0.0,0.0,0.0,0.0,2.0,0.0,0.0
8477968,20202021,Alex Nedeljkovic,CAR,G,other,23,1822.0,3.37,5.0,62.0,2.63,0.0,6.29,10.0,32.99,33.0,0.64,1.0,22.19,16.0,10.48,15.0,3.31,32.0,14.0,1.0,1.35,1.81,0.21,2.0,3.0,0.0,15.0,0.0,0.0
8477968,20202021,Alex Nedeljkovic,CAR,G,all,23,83522.0,53.6,44.0,1192.0,42.71,49.0,148.29,153.0,651.69,648.0,23.07,35.0,365.87,284.0,271.37,342.0,51.93,697.0,164.0,43.0,19.99,20.24,13.37,14.0,20.0,10.0,288.0,2.0,1.0
8477968,20202021,Alex Nedeljkovic,CAR,G,5on5,23,69372.0,39.73,30.0,958.0,32.56,42.0,123.02,126.0,520.7,524.0,19.25,27.0,288.95,222.0,219.8,274.0,38.42,569.0,121.0,31.0,16.09,15.14,8.49,11.0,15.0,4.0,237.0,2.0,1.0
8477968,20202021,Alex Nedeljkovic,CAR,G,4on5,23,6693.0,7.04,6.0,134.0,6.37,5.0,15.61,14.0,72.83,68.0,0.64,1.0,47.54,38.0,24.99,38.0,6.87,78.0,20.0,6.0,1.94,2.2,2.89,1.0,1.0,4.0,30.0,0.0,0.0
8477968,20202021,Alex Nedeljkovic,CAR,G,5on4,23,5635.0,3.02,1.0,33.0,0.98,2.0,2.79,3.0,22.15,19.0,2.38,6.0,5.99,7.0,14.6,14.0,2.89,16.0,8.0,4.0,0.53,0.99,1.49,0.0,0.0,1.0,5.0,0.0,0.0
8475156,20202021,Mikko Koskinen,EDM,G,other,26,1480.0,3.59,1.0,45.0,1.99,4.0,4.42,3.0,22.32,24.0,0.37,0.0,13.42,12.0,5.72,10.0,3.22,16.0,10.0,4.0,0.74,1.11,1.73,0.0,1.0,0.0,15.0,0.0,0.0
8475156,20202021,Mikko Koskinen,EDM,G,all,26,86259.0,65.82,76.0,1372.0,50.91,54.0,162.92,164.0,715.62,756.0,22.29,21.0,409.94,302.0,290.61,379.0,62.93,738.0,207.0,59.0,21.27,25.24,19.3,25.0,31.0,20.0,368.0,0.0,0.0
8475156,20202021,Mikko Koskinen,EDM,G,5on5,26,71410.0,48.89,60.0,1114.0,39.12,40.0,136.47,141.0,578.65,607.0,17.92,13.0,329.84,240.0,241.56,312.0,47.45,611.0,167.0,37.0,18.27,20.73,9.89,22.0,29.0,9.0,299.0,0.0,0.0
8475156,20202021,Mikko Koskinen,EDM,G,4on5,26,6648.0,11.47,12.0,188.0,9.04,9.0,20.13,18.0,99.37,107.0,0.49,0.0,61.92,49.0,33.11,44.0,10.45,99.0,25.0,15.0,1.9,2.82,6.75,2.0,1.0,9.0,49.0,0.0,0.0
8475156,20202021,Mikko Koskinen,EDM,G,5on4,26,6721.0,1.88,3.0,24.0,0.78,1.0,1.9,2.0,15.29,18.0,3.43,8.0,4.76,1.0,10.21,13.0,1.81,12.0,5.0,3.0,0.36,0.59,0.93,1.0,0.0,2.0,4.0,0.0,0.0
8476932,20202021,Anthony Stolarz,ANA,G,other,8,351.0,0.58,1.0,10.0,0.51,0.0,1.26,1.0,7.21,8.0,0.06,0.0,4.56,4.0,2.87,4.0,0.58,7.0,3.0,0.0,0.27,0.32,0.0,1.0,0.0,0.0,0.0,0.0,0.0
8476932,20202021,Anthony Stolarz,ANA,G,all,8,27868.0,17.49,17.0,387.0,14.94,20.0,52.66,47.0,220.33,230.0,6.36,4.0,125.79,101.0,91.81,115.0,16.98,240.0,54.0,16.0,6.67,6.7,4.11,9.0,6.0,2.0,77.0,0.0,0.0
8476932,20202021,Anthony Stolarz,ANA,G,5on5,8,23517.0,13.55,14.0,320.0,11.33,15.0,43.96,45.0,179.84,186.0,5.35,3.0,101.29,78.0,77.84,96.0,13.15,201.0,42.0,11.0,5.39,5.35,2.81,6.0,6.0,2.0,66.0,0.0,0.0
8476932,20202021,Anthony Stolarz,ANA,G,4on5,8,2278.0,3.28,2.0,53.0,3.0,5.0,7.16,1.0,31.16,33.0,0.14,0.0,19.15,18.0,9.4,13.0,3.17,29.0,9.0,5.0,0.95,1.03,1.3,2.0,0.0,0.0,10.0,0.0,0.0
8476932,20202021,Anthony Stolarz,ANA,G,5on4,8,1722.0,0.07,0.0,4.0,0.09,0.0,0.29,0.0,2.12,3.0,0.79,1.0,0.79,1.0,1.71,2.0,0.07,3.0,0.0,0.0,0.07,0.0,0.0,0.0,0.0,0.0,1.0,0.0,0.0
8471734,20202021,Jonathan Quick,L.A,G,other,22,1750.0,2.77,3.0,45.0,1.93,2.0,4.87,3.0,25.96,22.0,0.78,0.0,16.23,12.0,9.36,16.0,2.7,26.0,7.0,3.0,0.97,0.88,0.91,2.0,1.0,0.0,9.0,0.0,0.0
8471734,20202021,Jonathan Quick,L.A,G,all,22,73129.0,52.23,58.0,1047.0,40.62,58.0,133.38,125.0,585.99,566.0,19.81,18.0,325.97,239.0,239.0,321.0,49.89,603.0,147.0,60.0,17.36,17.32,17.55,23.0,21.0,14.0,237.0,0.0,0.0
8471734,20202021,Jonathan Quick,L.A,G,5on5,22,58655.0,39.35,48.0,805.0,30.38,48.0,106.45,100.0,450.04,437.0,15.69,14.0,247.55,179.0,183.85,238.0,37.61,460.0,117.0,45.0,13.73,13.64,11.98,19.0,20.0,9.0,183.0,0.0,0.0
8471734,20202021,Jonathan Quick,L.A,G,4on5,22,6142.0,7.91,7.0,163.0,7.04,7.0,18.46,21.0,85.07,77.0,0.41,0.0,54.18,46.0,28.63,38.0,7.44,93.0,16.0,10.0,1.94,1.89,4.08,2.0,0.0,5.0,44.0,0.0,0.0
8471734,20202021,Jonathan Quick,L.A,G,5on4,22,6582.0,1.64,0.0,30.0,0.99,0.0,3.0,1.0,21.64,26.0,2.91,4.0,6.72,1.0,16.0,27.0,1.61,23.0,5.0,1.0,0.68,0.68,0.29,0.0,0.0,0.0,1.0,0.0,0.0
8476234,20202021,Keith Kinkaid,NYR,G,other,9,296.0,0.19,0.0,7.0,0.14,0.0,0.55,1.0,2.79,4.0,0.15,0.0,1.57,0.0,1.46,3.0,0.18,3.0,1.0,0.0,0.1,0.08,0.0,0.0,0.0,0.0,3.0,0.0,0.0
8476234,20202021,Keith Kinkaid,NYR,G,all,9,29153.0,18.45,21.0,391.0,14.22,13.0,50.21,59.0,208.99,205.0,6.87,6.0,115.79,94.0,85.55,94.0,17.75,219.0,53.0,19.0,6.4,6.28,5.77,5.0,9.0,7.0,100.0,0.0,0.0
8476234,20202021,Keith Kinkaid,NYR,G,5on5,9,23758.0,13.08,17.0,313.0,10.95,11.0,41.55,47.0,167.4,162.0,5.13,5.0,93.0,74.0,69.01,75.0,12.75,177.0,44.0,12.0,4.77,5.24,3.07,5.0,8.0,4.0,80.0,0.0,0.0
8476234,20202021,Keith Kinkaid,NYR,G,4on5,9,2558.0,4.55,2.0,58.0,2.69,2.0,6.93,10.0,31.08,31.0,0.29,0.0,18.19,16.0,9.62,12.0,4.18,30.0,7.0,6.0,1.27,0.8,2.48,0.0,0.0,2.0,15.0,0.0,0.0
8476234,20202021,Keith Kinkaid,NYR,G,5on4,9,2541.0,0.48,1.0,11.0,0.38,0.0,1.07,1.0,6.92,7.0,1.26,1.0,2.74,4.0,5.1,4.0,0.48,9.0,0.0,1.0,0.26,0.0,0.22,0.0,0.0,1.0,1.0,0.0,0.0
8477293,20202021,Antti Raanta,ARI,G,other,12,859.0,1.61,6.0,25.0,0.82,0.0,2.36,2.0,12.55,14.0,0.26,0.0,8.27,6.0,4.56,4.0,1.6,15.0,2.0,1.0,0.56,0.25,0.8,5.0,0.0,1.0,7.0,0.0,0.0
8477293,20202021,Antti Raanta,ARI,G,all,12,40730.0,33.75,38.0,743.0,28.61,34.0,91.59,97.0,394.69,401.0,9.93,7.0,227.06,170.0,158.05,203.0,32.54,434.0,88.0,30.0,13.49,10.51,9.76,18.0,13.0,7.0,191.0,0.0,0.0
8477293,20202021,Antti Raanta,ARI,G,5on5,12,33230.0,24.96,25.0,578.0,21.07,25.0,73.06,83.0,307.01,314.0,8.43,7.0,173.07,119.0,126.72,168.0,24.15,333.0,74.0,22.0,10.34,8.76,5.86,10.0,11.0,4.0,149.0,0.0,0.0
8477293,20202021,Antti Raanta,ARI,G,4on5,12,3869.0,6.79,7.0,131.0,6.44,9.0,14.98,11.0,68.36,67.0,0.22,0.0,43.65,44.0,21.9,24.0,6.39,77.0,12.0,7.0,2.18,1.5,3.1,3.0,2.0,2.0,35.0,0.0,0.0
8477293,20202021,Antti Raanta,ARI,G,5on4,12,2772.0,0.39,0.0,9.0,0.28,0.0,1.19,1.0,6.76,6.0,1.01,0.0,2.07,1.0,4.87,7.0,0.39,9.0,0.0,0.0,0.39,0.0,0.0,0.0,0.0,0.0,0.0,0.0,0.0
8471469,20202021,Pekka Rinne,NSH,G,other,24,1738.0,2.4,3.0,47.0,1.93,1.0,5.21,7.0,26.07,25.0,0.53,2.0,16.34,13.0,10.26,13.0,2.32,26.0,10.0,1.0,0.92,1.1,0.38,2.0,1.0,0.0,10.0,0.0,0.0
8471469,20202021,Pekka Rinne,NSH,G,all,24,78628.0,52.26,62.0,1151.0,43.16,36.0,139.39,174.0,619.84,664.0,20.73,26.0,352.8,270.0,256.72,300.0,50.89,655.0,171.0,38.0,18.37,20.95,12.94,23.0,24.0,15.0,287.0,0.0,0.0
8471469,20202021,Pekka Rinne,NSH,G,5on5,24,63951.0,35.66,42.0,894.0,31.69,23.0,112.05,147.0,477.88,519.0,17.15,22.0,270.73,209.0,200.84,230.0,34.77,522.0,124.0,20.0,14.81,15.57,5.27,20.0,15.0,7.0,228.0,0.0,0.0
8471469,20202021,Pekka Rinne,NSH,G,4on5,24,6839.0,11.95,16.0,175.0,8.33,12.0,18.68,17.0,93.58,101.0,0.34,0.0,58.22,47.0,30.74,33.0,11.54,88.0,28.0,15.0,1.99,3.31,6.64,1.0,7.0,8.0,44.0,0.0,0.0
8471469,20202021,Pekka Rinne,NSH,G,5on4,24,6100.0,2.0,1.0,26.0,1.0,0.0,2.57,2.0,18.15,17.0,2.65,2.0,5.33,1.0,12.55,20.0,2.0,14.0,8.0,2.0,0.46,0.89,0.64,0.0,1.0,0.0,2.0,0.0,0.0
8475852,20202021,Petr Mrazek,CAR,G,other,12,1392.0,1.92,2.0,25.0,1.02,1.0,2.41,1.0,13.29,14.0,0.79,2.0,7.32,5.0,4.93,8.0,1.77,8.0,8.0,2.0,0.35,1.0,0.57,1.0,0.0,1.0,7.0,0.0,0.0
8475852,20202021,Petr Mrazek,CAR,G,all,12,39059.0,30.14,23.0,538.0,20.63,32.0,70.2,60.0,308.08,298.0,12.24,10.0,161.9,128.0,122.19,164.0,28.88,285.0,98.0,32.0,9.08,11.98,9.08,4.0,11.0,8.0,123.0,0.0,0.0
8475852,20202021,Petr Mrazek,CAR,G,5on5,12,32683.0,23.86,14.0,446.0,16.57,27.0,60.26,52.0,257.34,249.0,9.93,5.0,136.11,110.0,102.81,141.0,22.94,249.0,76.0,23.0,8.04,9.33,6.49,3.0,7.0,4.0,98.0,0.0,0.0
8475852,20202021,Petr Mrazek,CAR,G,4on5,12,2377.0,1.88,2.0,47.0,2.35,4.0,5.88,6.0,24.22,23.0,0.17,0.0,14.81,11.0,7.3,7.0,1.72,23.0,9.0,1.0,0.61,0.96,0.3,0.0,2.0,0.0,14.0,0.0,0.0
8475852,20202021,Petr Mrazek,CAR,G,5on4,12,2607.0,1.96,4.0,15.0,0.5,0.0,1.04,1.0,9.95,9.0,1.28,3.0,2.54,2.0,5.69,5.0,1.92,4.0,3.0,5.0,0.07,0.41,1.48,0.0,1.0,3.0,3.0,0.0,0.0
8478024,20202021,Ville Husso,STL,G,other,17,1774.0,3.02,2.0,41.0,1.67,2.0,4.65,7.0,23.64,24.0,0.57,0.0,13.2,8.0,8.68,12.0,2.88,21.0,7.0,4.0,0.76,0.71,1.55,1.0,0.0,1.0,9.0,0.0,0.0
8478024,20202021,Ville Husso,STL,G,all,17,55039.0,40.17,49.0,851.0,31.91,45.0,107.26,104.0,462.19,460.0,13.09,10.0,259.84,219.0,187.75,213.0,38.25,485.0,121.0,36.0,13.46,14.58,12.13,25.0,15.0,9.0,209.0,4.0,2.0
8478024,20202021,Ville Husso,STL,G,5on5,17,45290.0,27.26,34.0,667.0,22.95,32.0,85.0,84.0,353.1,354.0,10.11,8.0,197.69,174.0,147.56,161.0,26.12,384.0,90.0,18.0,10.44,11.37,5.45,21.0,12.0,1.0,175.0,4.0,2.0
8478024,20202021,Ville Husso,STL,G,4on5,17,3996.0,8.43,11.0,126.0,6.6,9.0,16.06,12.0,73.76,71.0,0.4,0.0,45.33,36.0,24.17,31.0,7.86,74.0,17.0,12.0,2.15,1.74,4.54,2.0,2.0,7.0,23.0,0.0,0.0
8478024,20202021,Ville Husso,STL,G,5on4,17,3979.0,1.45,1.0,16.0,0.66,2.0,1.41,1.0,11.02,10.0,2.01,2.0,3.26,1.0,6.91,9.0,1.37,5.0,7.0,2.0,0.1,0.75,0.6,0.0,1.0,0.0,2.0,0.0,0.0
8473575,20202021,Semyon Varlamov,NYI,G,other,36,3545.0,5.56,5.0,73.0,3.51,3.0,7.52,8.0,40.63,44.0,0.66,1.0,24.39,16.0,11.68,19.0,4.91,28.0,22.0,4.0,1.39,3.02,1.15,0.0,5.0,0.0,19.0,0.0,0.0
8473575,20202021,Semyon Varlamov,NYI,G,all,36,127016.0,74.69,72.0,1937.0,68.71,63.0,236.02,237.0,1008.5,1020.0,31.64,40.0,585.16,477.0,419.26,530.0,71.55,1139.0,229.0,49.0,31.03,27.76,15.9,27.0,30.0,15.0,520.0,2.0,1.0
8473575,20202021,Semyon Varlamov,NYI,G,5on5,36,107570.0,55.64,52.0,1593.0,53.37,46.0,198.21,208.0,826.1,831.0,26.81,33.0,475.43,383.0,352.87,442.0,53.87,958.0,174.0,30.0,25.68,20.97,9.0,22.0,21.0,9.0,431.0,2.0,1.0
8473575,20202021,Semyon Varlamov,NYI,G,4on5,36,8530.0,11.38,14.0,232.0,10.74,13.0,26.36,18.0,119.09,118.0,0.68,1.0,77.15,77.0,39.77,46.0,10.8,129.0,29.0,12.0,3.42,3.37,4.6,5.0,3.0,6.0,62.0,0.0,0.0
8473575,20202021,Semyon Varlamov,NYI,G,5on4,36,7371.0,1.57,0.0,29.0,0.7,1.0,2.45,1.0,15.42,18.0,3.32,5.0,4.77,1.0,11.01,17.0,1.44,17.0,1.0,3.0,0.34,0.09,1.14,0.0,0.0,0.0,8.0,0.0,0.0
8476876,20202021,Malcolm Subban,CHI,G,other,16,621.0,2.21,2.0,26.0,1.18,1.0,2.93,2.0,16.4,15.0,0.41,0.0,8.47,7.0,6.65,9.0,2.14,13.0,4.0,5.0,0.44,0.46,1.3,0.0,1.0,1.0,4.0,0.0,0.0
8476876,20202021,Malcolm Subban,CHI,G,all,16,52877.0,39.65,47.0,818.0,31.33,33.0,102.56,86.0,446.32,471.0,11.43,15.0,252.5,203.0,184.03,241.0,37.64,466.0,125.0,34.0,13.61,15.64,10.4,14.0,18.0,15.0,193.0,0.0,0.0
8476876,20202021,Malcolm Subban,CHI,G,5on5,16,42881.0,28.59,37.0,657.0,24.16,27.0,84.26,73.0,357.5,378.0,8.96,13.0,202.03,156.0,150.12,198.0,27.06,385.0,96.0,20.0,10.98,11.86,5.75,13.0,15.0,9.0,156.0,0.0,0.0
8476876,20202021,Malcolm Subban,CHI,G,4on5,16,5047.0,7.76,8.0,117.0,5.32,4.0,13.64,8.0,61.61,65.0,0.36,0.0,38.24,37.0,19.87,27.0,7.42,58.0,21.0,8.0,1.94,2.74,3.08,1.0,2.0,5.0,30.0,0.0,0.0
8476876,20202021,Malcolm Subban,CHI,G,5on4,16,4328.0,0.98,0.0,15.0,0.54,1.0,1.27,2.0,8.64,11.0,1.43,2.0,2.73,3.0,6.2,5.0,0.91,7.0,4.0,1.0,0.13,0.58,0.26,0.0,0.0,0.0,3.0,0.0,0.0
8475883,20202021,Frederik Andersen,TOR,G,other,24,2225.0,4.97,9.0,52.0,2.19,2.0,5.07,6.0,28.69,28.0,0.63,1.0,16.53,12.0,9.23,9.0,4.69,17.0,17.0,5.0,0.68,2.19,2.1,0.0,6.0,3.0,13.0,0.0,0.0
8475883,20202021,Frederik Andersen,TOR,G,all,24,85216.0,65.25,70.0,1225.0,48.49,37.0,148.17,129.0,672.38,669.0,22.15,25.0,378.49,319.0,273.85,361.0,63.33,650.0,223.0,63.0,18.72,26.89,19.65,12.0,35.0,23.0,289.0,0.0,0.0
8475883,20202021,Frederik Andersen,TOR,G,5on5,24,70524.0,48.1,43.0,1007.0,37.94,31.0,126.01,110.0,547.01,537.0,17.62,17.0,308.68,266.0,226.47,298.0,46.8,544.0,179.0,42.0,16.08,21.19,10.84,10.0,24.0,9.0,242.0,0.0,0.0
8475883,20202021,Frederik Andersen,TOR,G,4on5,24,6738.0,9.55,14.0,139.0,7.11,2.0,14.24,12.0,75.46,80.0,0.58,1.0,47.13,37.0,24.68,38.0,9.26,75.0,19.0,11.0,1.46,2.56,5.53,2.0,4.0,8.0,34.0,0.0,0.0
8475883,20202021,Frederik Andersen,TOR,G,5on4,24,5729.0,2.41,3.0,26.0,1.2,2.0,2.72,1.0,20.38,23.0,3.29,6.0,5.92,4.0,13.16,16.0,2.35,14.0,8.0,4.0,0.5,0.95,0.96,0.0,1.0,2.0,0.0,0.0,0.0
8476914,20202021,Joonas Korpisalo,CBJ,G,other,33,1472.0,4.32,5.0,60.0,2.4,3.0,5.61,8.0,29.49,30.0,0.54,1.0,16.54,9.0,10.15,15.0,4.16,22.0,13.0,5.0,0.74,1.57,2.01,0.0,2.0,3.0,20.0,0.0,0.0
8476914,20202021,Joonas Korpisalo,CBJ,G,all,33,104854.0,82.18,96.0,1665.0,61.99,59.0,202.88,206.0,893.38,904.0,24.7,27.0,507.39,379.0,366.26,481.0,79.47,930.0,237.0,83.0,27.01,28.1,27.07,34.0,31.0,31.0,415.0,2.0,1.0
8476914,20202021,Joonas Korpisalo,CBJ,G,5on5,33,89223.0,60.34,71.0,1385.0,49.54,47.0,174.06,175.0,736.74,745.0,21.0,23.0,418.83,323.0,307.84,393.0,58.56,790.0,190.0,55.0,23.22,22.29,14.83,30.0,25.0,16.0,350.0,2.0,1.0
8476914,20202021,Joonas Korpisalo,CBJ,G,4on5,33,6968.0,14.46,17.0,178.0,8.52,8.0,19.33,21.0,101.18,99.0,0.62,0.0,62.63,42.0,31.95,49.0,13.75,95.0,26.0,19.0,2.35,3.12,8.99,3.0,3.0,11.0,38.0,0.0,0.0
8476914,20202021,Joonas Korpisalo,CBJ,G,5on4,33,7191.0,2.5,1.0,31.0,1.14,1.0,2.82,2.0,19.88,24.0,2.32,3.0,6.75,4.0,13.16,19.0,2.43,17.0,6.0,4.0,0.41,0.85,1.24,0.0,0.0,1.0,4.0,0.0,0.0
8475622,20202021,Carter Hutton,BUF,G,other,13,181.0,0.82,2.0,7.0,0.3,0.0,0.87,1.0,5.04,5.0,0.14,0.0,2.96,4.0,1.84,0.0,0.8,5.0,1.0,1.0,0.18,0.12,0.52,1.0,0.0,1.0,0.0,0.0,0.0
8475622,20202021,Carter Hutton,BUF,G,all,13,40483.0,30.79,39.0,572.0,23.01,24.0,74.12,71.0,331.09,341.0,9.96,10.0,184.79,128.0,134.86,182.0,29.76,340.0,84.0,34.0,8.86,10.54,11.38,13.0,15.0,11.0,114.0,0.0,0.0
8475622,20202021,Carter Hutton,BUF,G,5on5,13,35013.0,24.87,33.0,489.0,19.21,21.0,64.84,60.0,283.41,290.0,8.62,9.0,157.31,110.0,116.88,154.0,24.14,286.0,81.0,25.0,8.01,10.2,6.67,11.0,15.0,7.0,97.0,0.0,0.0
8475622,20202021,Carter Hutton,BUF,G,4on5,13,2757.0,4.34,4.0,70.0,3.18,3.0,7.78,10.0,37.7,40.0,0.1,0.0,23.22,14.0,13.3,22.0,4.06,46.0,1.0,6.0,0.59,0.09,3.66,1.0,0.0,3.0,17.0,0.0,0.0
8475622,20202021,Carter Hutton,BUF,G,5on4,13,2532.0,0.76,0.0,6.0,0.32,0.0,0.63,0.0,4.95,6.0,1.08,1.0,1.31,0.0,2.85,6.0,0.76,3.0,1.0,2.0,0.09,0.14,0.54,0.0,0.0,0.0,0.0,0.0,0.0
8480112,20202021,Hunter Miska,COL,G,other,5,240.0,0.6,2.0,7.0,0.32,0.0,0.77,0.0,3.59,5.0,0.03,0.0,2.33,2.0,0.86,1.0,0.58,3.0,1.0,1.0,0.09,0.08,0.43,0.0,1.0,1.0,2.0,0.0,0.0
8480112,20202021,Hunter Miska,COL,G,all,5,15588.0,9.17,18.0,203.0,7.64,10.0,25.67,22.0,106.47,111.0,4.42,8.0,60.5,42.0,41.41,52.0,8.91,111.0,32.0,5.0,3.38,4.02,1.77,8.0,7.0,3.0,55.0,0.0,0.0
8480112,20202021,Hunter Miska,COL,G,5on5,5,12722.0,6.32,12.0,158.0,5.79,9.0,21.2,21.0,83.07,86.0,3.72,8.0,46.85,29.0,32.94,44.0,6.15,89.0,25.0,2.0,2.49,3.19,0.64,6.0,6.0,0.0,42.0,0.0,0.0
8480112,20202021,Hunter Miska,COL,G,4on5,5,1134.0,1.45,2.0,29.0,1.21,1.0,2.69,1.0,13.74,12.0,0.06,0.0,8.93,8.0,4.29,5.0,1.38,13.0,5.0,1.0,0.55,0.63,0.27,1.0,0.0,1.0,10.0,0.0,0.0
8480112,20202021,Hunter Miska,COL,G,5on4,5,1492.0,0.3,0.0,5.0,0.18,0.0,0.66,0.0,3.97,5.0,0.61,0.0,1.22,2.0,2.54,2.0,0.3,4.0,1.0,0.0,0.18,0.12,0.0,0.0,0.0,0.0,0.0,0.0,0.0
8478916,20202021,Joey Daccord,OTT,G,other,8,290.0,2.71,2.0,16.0,0.83,4.0,1.49,1.0,10.02,9.0,0.01,0.0,5.73,3.0,1.93,3.0,1.64,4.0,4.0,5.0,0.24,0.47,1.99,0.0,0.0,2.0,3.0,0.0,0.0
8478916,20202021,Joey Daccord,OTT,G,all,8,24202.0,21.02,22.0,390.0,15.05,19.0,47.49,57.0,211.11,214.0,7.22,8.0,119.21,92.0,86.39,97.0,19.11,206.0,70.0,20.0,6.22,8.48,6.32,5.0,11.0,6.0,94.0,0.0,0.0
8478916,20202021,Joey Daccord,OTT,G,5on5,8,20035.0,14.76,15.0,322.0,11.57,13.0,39.89,51.0,169.38,173.0,6.23,5.0,97.64,73.0,71.6,80.0,14.13,181.0,47.0,13.0,5.43,5.49,3.85,4.0,7.0,4.0,81.0,0.0,0.0
8478916,20202021,Joey Daccord,OTT,G,4on5,8,1381.0,2.83,4.0,38.0,2.21,2.0,4.7,5.0,22.78,22.0,0.06,0.0,12.75,13.0,6.79,6.0,2.63,13.0,15.0,2.0,0.36,1.98,0.48,1.0,3.0,0.0,8.0,0.0,0.0
8478916,20202021,Joey Daccord,OTT,G,5on4,8,2496.0,0.48,0.0,11.0,0.29,0.0,1.01,0.0,7.31,8.0,0.9,3.0,2.37,3.0,5.65,7.0,0.48,7.0,3.0,0.0,0.14,0.34,0.0,0.0,0.0,0.0,1.0,0.0,0.0
8481501,20202021,Artyom Zagidulin,CGY,G,other,1,0.0,0.0,0.0,0.0,0.0,0.0,0.0,0.0,0.0,0.0,0.0,0.0,0.0,0.0,0.0,0.0,0.0,0.0,0.0,0.0,0.0,0.0,0.0,0.0,0.0,0.0,0.0,0.0,0.0
8481501,20202021,Artyom Zagidulin,CGY,G,all,1,1693.0,0.96,2.0,26.0,0.88,1.0,3.37,2.0,13.92,11.0,0.44,0.0,8.33,6.0,6.01,8.0,0.95,15.0,5.0,0.0,0.48,0.48,0.0,0.0,2.0,0.0,6.0,0.0,0.0
8481501,20202021,Artyom Zagidulin,CGY,G,5on5,1,1693.0,0.96,2.0,26.0,0.88,1.0,3.37,2.0,13.92,11.0,0.44,0.0,8.33,6.0,6.01,8.0,0.95,15.0,5.0,0.0,0.48,0.48,0.0,0.0,2.0,0.0,6.0,0.0,0.0
8481501,20202021,Artyom Zagidulin,CGY,G,4on5,1,0.0,0.0,0.0,0.0,0.0,0.0,0.0,0.0,0.0,0.0,0.0,0.0,0.0,0.0,0.0,0.0,0.0,0.0,0.0,0.0,0.0,0.0,0.0,0.0,0.0,0.0,0.0,0.0,0.0
8481501,20202021,Artyom Zagidulin,CGY,G,5on4,1,0.0,0.0,0.0,0.0,0.0,0.0,0.0,0.0,0.0,0.0,0.0,0.0,0.0,0.0,0.0,0.0,0.0,0.0,0.0,0.0,0.0,0.0,0.0,0.0,0.0,0.0,0.0,0.0,0.0
8476861,20202021,Oscar Dansk,VGK,G,other,1,48.0,0.48,0.0,5.0,0.36,1.0,0.53,0.0,2.77,2.0,0.02,0.0,1.04,1.0,0.51,1.0,0.46,0.0,2.0,1.0,0.0,0.21,0.27,0.0,0.0,0.0,2.0,0.0,0.0
8476861,20202021,Oscar Dansk,VGK,G,all,1,3685.0,2.76,4.0,54.0,2.33,3.0,6.46,4.0,29.54,29.0,0.8,0.0,15.59,13.0,10.95,14.0,2.7,25.0,12.0,2.0,0.71,1.55,0.5,3.0,1.0,0.0,15.0,0.0,0.0
8476861,20202021,Oscar Dansk,VGK,G,5on5,1,2605.0,1.49,3.0,34.0,1.27,1.0,4.37,3.0,18.49,21.0,0.49,0.0,10.11,7.0,7.18,10.0,1.48,18.0,6.0,1.0,0.46,0.8,0.23,2.0,1.0,0.0,9.0,0.0,0.0
8476861,20202021,Oscar Dansk,VGK,G,4on5,1,552.0,0.77,1.0,12.0,0.65,1.0,1.38,1.0,6.8,4.0,0.07,0.0,4.01,5.0,1.99,1.0,0.73,5.0,4.0,0.0,0.22,0.55,0.0,1.0,0.0,0.0,3.0,0.0,0.0
8476861,20202021,Oscar Dansk,VGK,G,5on4,1,480.0,0.03,0.0,3.0,0.05,0.0,0.19,0.0,1.48,2.0,0.22,0.0,0.43,0.0,1.27,2.0,0.03,2.0,0.0,0.0,0.03,0.0,0.0,0.0,0.0,0.0,1.0,0.0,0.0
8475809,20202021,Scott Wedgewood,N.J,G,other,16,1034.0,1.77,3.0,27.0,1.34,1.0,2.86,5.0,15.32,19.0,0.26,0.0,10.36,8.0,5.19,5.0,1.55,12.0,10.0,0.0,0.54,1.23,0.0,1.0,2.0,0.0,5.0,0.0,0.0
8475809,20202021,Scott Wedgewood,N.J,G,all,16,53282.0,41.46,46.0,764.0,30.23,34.0,99.81,139.0,432.03,458.0,11.74,16.0,239.86,167.0,169.88,210.0,40.02,454.0,129.0,34.0,14.36,15.5,11.6,18.0,17.0,11.0,147.0,0.0,0.0
8475809,20202021,Scott Wedgewood,N.J,G,5on5,16,44621.0,31.11,32.0,619.0,22.83,26.0,83.94,118.0,350.95,369.0,9.98,15.0,191.86,126.0,142.0,180.0,30.22,374.0,101.0,25.0,11.77,12.13,7.2,13.0,13.0,6.0,119.0,0.0,0.0
8475809,20202021,Scott Wedgewood,N.J,G,4on5,16,3939.0,8.13,10.0,109.0,5.81,7.0,12.16,15.0,59.81,62.0,0.15,0.0,35.88,33.0,18.11,18.0,7.8,61.0,16.0,9.0,1.79,1.96,4.39,3.0,2.0,5.0,23.0,0.0,0.0
8475809,20202021,Scott Wedgewood,N.J,G,5on4,16,3688.0,0.45,1.0,9.0,0.25,0.0,0.85,1.0,5.94,8.0,1.35,1.0,1.76,0.0,4.58,7.0,0.45,7.0,2.0,0.0,0.26,0.19,0.0,1.0,0.0,0.0,0.0,0.0,0.0
8467950,20202021,Craig Anderson,WSH,G,other,4,505.0,1.7,1.0,13.0,0.55,1.0,2.0,4.0,8.89,7.0,0.28,1.0,3.49,2.0,2.96,3.0,1.51,6.0,2.0,3.0,0.16,0.32,1.22,0.0,0.0,1.0,2.0,0.0,0.0
8467950,20202021,Craig Anderson,WSH,G,all,4,10124.0,7.26,6.0,151.0,5.14,4.0,19.07,16.0,84.07,71.0,3.11,2.0,43.65,28.0,35.31,57.0,6.96,90.0,13.0,10.0,2.32,1.58,3.36,3.0,0.0,3.0,38.0,0.0,0.0
8467950,20202021,Craig Anderson,WSH,G,5on5,4,8036.0,4.41,4.0,117.0,3.86,3.0,15.32,11.0,64.86,54.0,2.44,1.0,34.7,23.0,27.73,45.0,4.31,72.0,11.0,5.0,1.97,1.26,1.18,3.0,0.0,1.0,29.0,0.0,0.0
8467950,20202021,Craig Anderson,WSH,G,4on5,4,938.0,1.05,1.0,15.0,0.65,0.0,1.38,1.0,7.22,7.0,0.06,0.0,4.47,3.0,2.22,5.0,1.04,8.0,0.0,2.0,0.09,0.0,0.96,0.0,0.0,1.0,5.0,0.0,0.0
8467950,20202021,Craig Anderson,WSH,G,5on4,4,645.0,0.1,0.0,6.0,0.08,0.0,0.36,0.0,3.11,3.0,0.33,0.0,0.98,0.0,2.4,4.0,0.1,4.0,0.0,0.0,0.1,0.0,0.0,0.0,0.0,0.0,2.0,0.0,0.0
8476999,20202021,Linus Ullmark,BUF,G,other,20,1028.0,2.4,7.0,52.0,2.38,3.0,5.98,3.0,27.91,32.0,0.18,0.0,19.1,16.0,8.95,9.0,2.35,30.0,10.0,0.0,1.04,1.36,0.0,2.0,5.0,0.0,12.0,0.0,0.0
8476999,20202021,Linus Ullmark,BUF,G,all,20,67025.0,45.43,49.0,1030.0,37.77,44.0,128.85,143.0,545.77,591.0,16.08,19.0,318.8,250.0,224.05,310.0,44.02,662.0,116.0,37.0,19.18,14.66,11.6,16.0,20.0,13.0,215.0,0.0,0.0
8476999,20202021,Linus Ullmark,BUF,G,5on5,20,56418.0,34.34,30.0,831.0,28.2,32.0,106.38,125.0,438.01,473.0,12.79,16.0,251.82,194.0,185.64,261.0,33.43,538.0,97.0,22.0,15.93,12.18,6.23,12.0,14.0,4.0,174.0,0.0,0.0
8476999,20202021,Linus Ullmark,BUF,G,4on5,20,4245.0,6.44,11.0,126.0,6.32,8.0,14.61,15.0,66.72,73.0,0.34,0.0,43.5,37.0,22.09,26.0,6.05,83.0,5.0,11.0,1.73,0.55,4.15,2.0,1.0,8.0,27.0,0.0,0.0
8476999,20202021,Linus Ullmark,BUF,G,5on4,20,5334.0,1.29,1.0,13.0,0.51,0.0,0.91,0.0,7.88,8.0,2.58,3.0,2.25,1.0,4.96,10.0,1.29,7.0,3.0,2.0,0.26,0.41,0.63,0.0,0.0,1.0,1.0,0.0,0.0
8478039,20202021,Kaapo Kahkonen,MIN,G,other,24,1909.0,2.42,2.0,55.0,2.22,0.0,4.88,4.0,26.21,24.0,0.55,0.0,18.7,21.0,9.84,11.0,2.36,30.0,8.0,1.0,1.05,1.03,0.34,2.0,0.0,0.0,16.0,0.0,0.0
8478039,20202021,Kaapo Kahkonen,MIN,G,all,24,84869.0,54.92,68.0,1293.0,47.0,49.0,161.96,174.0,689.01,692.0,20.34,23.0,395.69,290.0,283.14,356.0,53.53,768.0,151.0,46.0,21.83,18.45,14.65,32.0,24.0,12.0,328.0,2.0,1.0
8478039,20202021,Kaapo Kahkonen,MIN,G,5on5,24,68744.0,39.2,50.0,1036.0,35.56,40.0,134.94,146.0,550.62,546.0,16.2,19.0,312.88,227.0,228.57,281.0,38.15,621.0,117.0,31.0,17.54,13.9,7.77,23.0,21.0,6.0,267.0,2.0,1.0
8478039,20202021,Kaapo Kahkonen,MIN,G,4on5,24,7018.0,10.92,15.0,168.0,7.91,8.0,19.05,22.0,88.88,100.0,0.59,0.0,56.5,39.0,28.8,40.0,10.7,97.0,18.0,11.0,2.68,2.37,5.87,6.0,3.0,6.0,42.0,0.0,0.0
8478039,20202021,Kaapo Kahkonen,MIN,G,5on4,24,7198.0,2.17,1.0,33.0,1.25,1.0,2.98,1.0,22.43,21.0,2.91,4.0,7.37,3.0,15.58,24.0,2.11,20.0,8.0,2.0,0.55,1.15,0.47,1.0,0.0,0.0,3.0,0.0,0.0
8476883,20202021,Andrei Vasilevskiy,T.B,G,other,42,5660.0,7.24,5.0,107.0,5.13,5.0,11.64,9.0,60.43,54.0,1.21,1.0,33.8,27.0,21.06,32.0,6.94,45.0,30.0,6.0,1.86,3.89,1.49,0.0,5.0,0.0,26.0,0.0,0.0
8476883,20202021,Andrei Vasilevskiy,T.B,G,all,42,151416.0,111.23,93.0,2137.0,84.9,81.0,264.39,237.0,1195.4,1234.0,38.81,45.0,664.1,509.0,479.01,659.0,107.7,1188.0,367.0,88.0,35.17,45.18,30.88,26.0,48.0,19.0,494.0,0.0,0.0
8476883,20202021,Andrei Vasilevskiy,T.B,G,5on5,42,120826.0,78.27,65.0,1685.0,63.63,63.0,215.83,192.0,942.19,970.0,30.81,32.0,521.08,395.0,388.88,532.0,76.16,957.0,288.0,53.0,27.99,35.36,14.93,22.0,34.0,9.0,387.0,0.0,0.0
8476883,20202021,Andrei Vasilevskiy,T.B,G,4on5,42,13468.0,21.7,21.0,298.0,14.25,12.0,32.19,31.0,162.98,172.0,1.13,2.0,99.46,81.0,51.46,70.0,20.67,164.0,37.0,23.0,4.63,4.35,12.72,4.0,7.0,10.0,74.0,0.0,0.0
8476883,20202021,Andrei Vasilevskiy,T.B,G,5on4,42,11462.0,2.79,2.0,36.0,1.28,0.0,3.41,2.0,21.77,29.0,5.42,9.0,6.51,5.0,14.22,20.0,2.73,18.0,6.0,5.0,0.5,0.81,1.47,0.0,2.0,0.0,7.0,0.0,0.0
8475215,20202021,Robin Lehner,VGK,G,other,19,1283.0,5.07,2.0,48.0,2.2,1.0,5.04,2.0,27.68,24.0,1.13,0.0,14.47,18.0,9.26,13.0,4.49,22.0,7.0,8.0,0.94,1.03,3.1,0.0,0.0,2.0,11.0,0.0,0.0
8475215,20202021,Robin Lehner,VGK,G,all,19,68119.0,48.53,44.0,1033.0,37.37,47.0,120.36,84.0,531.78,505.0,21.39,13.0,284.45,232.0,216.28,303.0,46.71,539.0,133.0,52.0,15.34,17.37,15.82,16.0,10.0,18.0,309.0,0.0,0.0
8475215,20202021,Robin Lehner,VGK,G,5on5,19,56791.0,37.14,36.0,823.0,28.22,39.0,98.21,73.0,419.16,393.0,16.67,11.0,224.36,177.0,170.69,236.0,36.1,425.0,110.0,37.0,12.34,14.34,10.46,14.0,10.0,12.0,251.0,0.0,0.0
8475215,20202021,Robin Lehner,VGK,G,4on5,19,4590.0,4.32,4.0,131.0,5.86,7.0,14.23,9.0,62.53,66.0,0.45,0.0,38.83,35.0,20.72,29.0,4.12,71.0,10.0,5.0,1.42,1.12,1.78,0.0,0.0,4.0,45.0,0.0,0.0
8475215,20202021,Robin Lehner,VGK,G,5on4,19,5455.0,1.57,2.0,26.0,0.88,0.0,2.38,0.0,19.21,19.0,3.02,2.0,5.65,1.0,13.98,22.0,1.56,19.0,5.0,1.0,0.52,0.76,0.29,2.0,0.0,0.0,1.0,0.0,0.0
8477180,20202021,Aaron Dell,N.J,G,other,7,241.0,0.33,1.0,7.0,0.33,0.0,0.99,0.0,4.15,3.0,0.15,0.0,2.65,3.0,1.54,2.0,0.31,5.0,1.0,0.0,0.2,0.14,0.0,0.0,1.0,0.0,1.0,0.0,0.0
8477180,20202021,Aaron Dell,N.J,G,all,7,19150.0,12.26,22.0,259.0,10.33,16.0,34.78,40.0,149.31,154.0,5.97,4.0,86.11,56.0,62.69,73.0,11.81,160.0,41.0,10.0,4.86,4.64,2.76,11.0,9.0,2.0,48.0,0.0,0.0
8477180,20202021,Aaron Dell,N.J,G,5on5,7,15277.0,9.38,15.0,213.0,8.04,13.0,29.32,34.0,123.58,125.0,4.48,2.0,70.0,44.0,52.32,63.0,9.07,134.0,31.0,8.0,3.82,3.57,1.99,8.0,6.0,1.0,40.0,0.0,0.0
8477180,20202021,Aaron Dell,N.J,G,4on5,7,1339.0,2.45,6.0,36.0,1.83,3.0,4.15,5.0,19.92,23.0,0.14,1.0,12.55,9.0,7.39,6.0,2.32,19.0,8.0,2.0,0.82,0.85,0.78,3.0,2.0,1.0,7.0,0.0,0.0
8477180,20202021,Aaron Dell,N.J,G,5on4,7,2293.0,0.11,0.0,3.0,0.13,0.0,0.33,1.0,1.67,3.0,1.19,1.0,0.91,0.0,1.44,2.0,0.11,2.0,1.0,0.0,0.02,0.09,0.0,0.0,0.0,0.0,0.0,0.0,0.0
8474651,20202021,Braden Holtby,VAN,G,other,21,2400.0,1.91,0.0,23.0,1.08,1.0,2.21,0.0,12.1,10.0,0.33,3.0,7.38,9.0,3.98,5.0,1.85,9.0,6.0,2.0,0.3,0.67,0.94,0.0,0.0,0.0,6.0,0.0,0.0
8474651,20202021,Braden Holtby,VAN,G,all,21,75629.0,65.58,77.0,1276.0,51.67,45.0,155.09,169.0,699.02,695.0,18.62,29.0,395.97,299.0,281.91,356.0,63.88,681.0,238.0,54.0,20.6,28.75,16.23,21.0,35.0,21.0,303.0,0.0,0.0
8474651,20202021,Braden Holtby,VAN,G,5on5,21,61518.0,51.04,62.0,1054.0,40.52,33.0,130.72,146.0,570.71,574.0,15.03,21.0,319.79,239.0,232.61,294.0,49.79,562.0,194.0,37.0,17.33,23.62,10.09,18.0,30.0,14.0,261.0,0.0,0.0
8474651,20202021,Braden Holtby,VAN,G,4on5,21,6135.0,9.02,11.0,163.0,8.45,9.0,18.01,22.0,89.11,84.0,0.43,1.0,58.65,44.0,29.65,35.0,8.71,91.0,26.0,10.0,2.21,3.1,3.72,2.0,3.0,6.0,36.0,0.0,0.0
8474651,20202021,Braden Holtby,VAN,G,5on4,21,5576.0,2.16,2.0,18.0,0.8,1.0,1.67,1.0,13.4,16.0,2.66,4.0,4.2,3.0,8.82,11.0,2.13,9.0,5.0,4.0,0.34,0.57,1.25,0.0,1.0,1.0,0.0,0.0,0.0
8476316,20202021,Laurent Brossoit,WPG,G,other,14,831.0,0.92,1.0,22.0,0.82,0.0,1.74,2.0,9.31,11.0,0.12,1.0,6.61,8.0,2.6,2.0,0.8,7.0,6.0,0.0,0.15,0.77,0.0,0.0,1.0,0.0,9.0,0.0,0.0
8476316,20202021,Laurent Brossoit,WPG,G,all,14,44647.0,30.07,30.0,663.0,25.08,27.0,81.37,87.0,355.54,368.0,12.04,10.0,203.92,164.0,146.79,177.0,28.84,371.0,106.0,22.0,11.48,12.55,6.04,13.0,12.0,5.0,164.0,0.0,0.0
8476316,20202021,Laurent Brossoit,WPG,G,5on5,14,37055.0,23.64,23.0,526.0,19.06,22.0,67.28,71.0,285.12,291.0,9.42,6.0,159.58,120.0,119.1,151.0,22.75,296.0,83.0,19.0,9.18,9.54,4.92,10.0,10.0,3.0,128.0,0.0,0.0
8476316,20202021,Laurent Brossoit,WPG,G,4on5,14,2989.0,4.63,4.0,97.0,4.76,5.0,10.71,12.0,49.8,53.0,0.24,0.0,34.34,35.0,16.76,14.0,4.41,55.0,16.0,2.0,1.73,2.07,0.83,2.0,0.0,2.0,24.0,0.0,0.0
8476316,20202021,Laurent Brossoit,WPG,G,5on4,14,3772.0,0.83,2.0,17.0,0.41,0.0,1.46,2.0,10.51,12.0,2.2,3.0,3.07,1.0,7.94,9.0,0.83,12.0,1.0,1.0,0.36,0.17,0.3,1.0,1.0,0.0,3.0,0.0,0.0
8470594,20202021,Marc-Andre Fleury,VGK,G,other,36,3504.0,3.89,2.0,83.0,2.76,3.0,7.88,9.0,36.88,42.0,1.1,2.0,23.41,26.0,13.81,13.0,3.61,36.0,14.0,3.0,1.52,1.43,0.94,1.0,0.0,1.0,30.0,0.0,0.0
8470594,20202021,Marc-Andre Fleury,VGK,G,all,36,128796.0,88.92,71.0,1859.0,68.06,96.0,227.15,159.0,973.05,989.0,35.94,29.0,536.69,439.0,392.78,557.0,85.23,999.0,251.0,95.0,29.09,30.91,28.92,20.0,30.0,21.0,514.0,2.0,1.0
8470594,20202021,Marc-Andre Fleury,VGK,G,5on5,36,106137.0,70.16,58.0,1517.0,53.85,81.0,192.54,136.0,804.06,819.0,28.7,23.0,437.53,350.0,329.0,467.0,67.36,833.0,198.0,78.0,24.35,24.47,21.34,18.0,25.0,15.0,408.0,2.0,1.0
8470594,20202021,Marc-Andre Fleury,VGK,G,4on5,36,8889.0,12.27,11.0,218.0,10.2,12.0,23.41,10.0,110.06,103.0,0.69,0.0,68.43,58.0,35.15,56.0,11.66,112.0,30.0,11.0,2.74,3.75,5.77,1.0,5.0,5.0,65.0,0.0,0.0
8470594,20202021,Marc-Andre Fleury,VGK,G,5on4,36,10266.0,2.49,0.0,38.0,1.17,0.0,2.98,4.0,20.48,23.0,5.26,4.0,6.61,4.0,14.11,20.0,2.47,17.0,8.0,3.0,0.45,1.17,0.87,0.0,0.0,0.0,10.0,0.0,0.0
8473541,20202021,Jonathan Bernier,DET,G,other,24,2113.0,3.27,2.0,36.0,1.49,1.0,3.73,4.0,19.77,18.0,0.8,0.0,11.49,9.0,6.41,11.0,3.05,17.0,3.0,7.0,0.7,0.34,2.23,0.0,0.0,2.0,9.0,0.0,0.0
8473541,20202021,Jonathan Bernier,DET,G,all,24,78387.0,65.92,65.0,1276.0,48.54,54.0,163.35,151.0,717.95,757.0,17.59,12.0,395.64,335.0,290.91,360.0,63.01,755.0,161.0,71.0,20.52,20.07,25.33,26.0,17.0,22.0,289.0,0.0,0.0
8473541,20202021,Jonathan Bernier,DET,G,5on5,24,63835.0,50.17,49.0,1048.0,38.65,47.0,140.15,133.0,590.35,624.0,13.71,10.0,322.85,272.0,240.36,294.0,47.95,617.0,146.0,48.0,17.35,18.31,14.5,23.0,15.0,11.0,237.0,0.0,0.0
8473541,20202021,Jonathan Bernier,DET,G,4on5,24,5895.0,9.53,11.0,160.0,7.26,4.0,16.43,14.0,83.97,88.0,0.27,0.0,54.63,49.0,28.57,36.0,9.17,102.0,6.0,11.0,1.83,0.62,7.07,1.0,1.0,9.0,41.0,0.0,0.0
8473541,20202021,Jonathan Bernier,DET,G,5on4,24,6544.0,2.82,2.0,31.0,1.11,2.0,2.9,0.0,23.06,26.0,2.8,2.0,6.4,5.0,15.18,19.0,2.7,19.0,5.0,5.0,0.62,0.68,1.52,2.0,0.0,0.0,2.0,0.0,0.0
8482246,20202021,Alexei Melnichuk,S.J,G,other,3,120.0,0.29,2.0,4.0,0.19,0.0,0.58,1.0,2.88,4.0,0.08,0.0,1.33,0.0,1.52,1.0,0.28,2.0,2.0,0.0,0.07,0.22,0.0,1.0,1.0,0.0,0.0,0.0,0.0
8482246,20202021,Alexei Melnichuk,S.J,G,all,3,7835.0,6.98,11.0,118.0,5.32,11.0,17.35,15.0,72.58,81.0,2.07,3.0,38.62,26.0,29.38,35.0,6.74,77.0,13.0,10.0,2.21,1.83,2.94,5.0,1.0,5.0,18.0,0.0,0.0
8482246,20202021,Alexei Melnichuk,S.J,G,5on5,3,6748.0,6.13,8.0,98.0,4.29,9.0,14.41,13.0,61.09,68.0,1.73,2.0,32.43,22.0,24.78,30.0,5.9,64.0,11.0,9.0,1.97,1.61,2.55,4.0,0.0,4.0,14.0,0.0,0.0
8482246,20202021,Alexei Melnichuk,S.J,G,4on5,3,607.0,0.48,1.0,15.0,0.8,2.0,2.25,1.0,7.87,8.0,0.04,0.0,4.67,4.0,2.51,3.0,0.48,10.0,0.0,1.0,0.1,0.0,0.39,0.0,0.0,1.0,4.0,0.0,0.0
8482246,20202021,Alexei Melnichuk,S.J,G,5on4,3,360.0,0.08,0.0,1.0,0.04,0.0,0.1,0.0,0.75,1.0,0.21,1.0,0.19,0.0,0.57,1.0,0.08,1.0,0.0,0.0,0.08,0.0,0.0,0.0,0.0,0.0,0.0,0.0,0.0
8478435,20202021,Dan Vladar,BOS,G,other,5,355.0,0.35,0.0,6.0,0.33,0.0,0.98,1.0,4.44,6.0,0.02,0.0,2.57,5.0,1.63,0.0,0.35,5.0,1.0,0.0,0.27,0.08,0.0,0.0,0.0,0.0,0.0,0.0,0.0
8478435,20202021,Dan Vladar,BOS,G,all,5,18004.0,15.06,17.0,254.0,10.82,7.0,33.03,27.0,150.25,149.0,5.01,6.0,81.28,70.0,60.02,78.0,14.63,151.0,39.0,15.0,4.17,4.84,6.05,2.0,5.0,10.0,49.0,0.0,0.0
8478435,20202021,Dan Vladar,BOS,G,5on5,5,14155.0,10.19,11.0,193.0,7.77,7.0,25.95,20.0,112.5,106.0,4.23,5.0,59.94,52.0,45.58,59.0,9.78,110.0,35.0,8.0,3.26,4.35,2.58,2.0,5.0,4.0,40.0,0.0,0.0
8478435,20202021,Dan Vladar,BOS,G,4on5,5,1738.0,3.4,5.0,44.0,2.24,0.0,5.12,6.0,26.78,29.0,0.1,0.0,16.42,12.0,8.94,12.0,3.39,31.0,1.0,5.0,0.47,0.12,2.81,0.0,0.0,5.0,7.0,0.0,0.0
8478435,20202021,Dan Vladar,BOS,G,5on4,5,1756.0,0.45,0.0,6.0,0.24,0.0,0.47,0.0,3.4,4.0,0.65,1.0,1.25,0.0,2.47,5.0,0.44,4.0,0.0,1.0,0.12,0.0,0.33,0.0,0.0,0.0,1.0,0.0,0.0
8475683,20202021,Sergei Bobrovsky,FLA,G,other,31,2894.0,6.16,6.0,88.0,3.89,5.0,9.16,10.0,44.65,54.0,0.86,2.0,28.7,23.0,14.4,18.0,5.78,41.0,17.0,6.0,1.69,2.26,2.22,2.0,2.0,2.0,24.0,0.0,0.0
8475683,20202021,Sergei Bobrovsky,FLA,G,all,31,108988.0,79.88,88.0,1526.0,60.09,85.0,199.29,225.0,862.65,933.0,31.5,41.0,477.74,337.0,352.58,428.0,76.74,893.0,230.0,76.0,25.58,28.56,25.73,25.0,33.0,30.0,327.0,0.0,0.0
8475683,20202021,Sergei Bobrovsky,FLA,G,5on5,31,86825.0,53.65,60.0,1153.0,42.06,64.0,156.66,191.0,642.89,694.0,24.98,32.0,353.19,238.0,265.51,317.0,51.42,680.0,168.0,45.0,19.56,21.01,13.08,18.0,26.0,16.0,260.0,0.0,0.0
8475683,20202021,Sergei Bobrovsky,FLA,G,4on5,31,9094.0,16.61,20.0,228.0,12.13,14.0,27.98,20.0,136.85,140.0,0.56,0.0,83.34,69.0,45.27,56.0,16.12,134.0,35.0,21.0,3.23,3.96,9.42,4.0,5.0,11.0,38.0,0.0,0.0
8475683,20202021,Sergei Bobrovsky,FLA,G,5on4,31,10175.0,3.07,2.0,52.0,1.82,2.0,4.64,3.0,34.4,42.0,4.94,7.0,10.95,7.0,25.48,33.0,3.05,35.0,8.0,4.0,1.0,1.06,1.01,1.0,0.0,1.0,5.0,0.0,0.0
8474593,20202021,Jacob Markstrom,CGY,G,other,43,4405.0,7.77,10.0,115.0,4.95,2.0,12.23,10.0,64.73,58.0,1.33,1.0,41.32,38.0,21.58,27.0,7.25,57.0,26.0,7.0,2.16,3.02,2.58,2.0,4.0,4.0,25.0,0.0,0.0
8474593,20202021,Jacob Markstrom,CGY,G,all,43,149193.0,101.74,111.0,2089.0,77.75,60.0,258.07,307.0,1135.55,1161.0,40.58,66.0,636.49,480.0,468.18,585.0,98.71,1171.0,316.0,92.0,32.51,38.13,31.11,32.0,44.0,35.0,510.0,2.0,1.0
8474593,20202021,Jacob Markstrom,CGY,G,5on5,43,120195.0,69.19,74.0,1598.0,56.62,48.0,209.62,255.0,870.19,895.0,32.21,48.0,484.0,357.0,363.26,449.0,67.46,934.0,222.0,55.0,26.33,27.43,15.43,27.0,30.0,17.0,387.0,0.0,0.0
8474593,20202021,Jacob Markstrom,CGY,G,4on5,43,11774.0,20.8,23.0,311.0,14.18,9.0,30.55,38.0,156.31,163.0,0.91,1.0,97.66,76.0,50.7,69.0,20.13,139.0,56.0,24.0,2.95,6.28,11.58,2.0,8.0,13.0,92.0,2.0,1.0
8474593,20202021,Jacob Markstrom,CGY,G,5on4,43,12819.0,3.84,4.0,63.0,1.91,1.0,5.48,4.0,42.67,43.0,5.95,16.0,12.88,9.0,31.72,38.0,3.73,40.0,11.0,6.0,1.04,1.29,1.51,1.0,2.0,1.0,6.0,0.0,0.0
8477970,20202021,Vitek Vanecek,WSH,G,other,37,3080.0,6.86,6.0,77.0,3.48,5.0,8.22,8.0,43.97,45.0,1.04,2.0,25.74,18.0,14.27,22.0,5.59,38.0,14.0,8.0,1.38,1.71,3.78,1.0,2.0,3.0,17.0,0.0,0.0
8477970,20202021,Vitek Vanecek,WSH,G,all,37,126929.0,87.72,95.0,1882.0,72.21,70.0,240.5,204.0,1041.79,1031.0,34.06,32.0,591.39,461.0,430.3,586.0,84.17,1129.0,246.0,81.0,30.84,29.4,27.47,36.0,34.0,25.0,426.0,0.0,0.0
8477970,20202021,Vitek Vanecek,WSH,G,5on5,37,104943.0,63.31,69.0,1525.0,54.41,53.0,201.93,173.0,840.88,842.0,27.19,27.0,472.52,360.0,356.59,489.0,61.92,924.0,200.0,52.0,25.28,23.7,14.33,30.0,28.0,11.0,349.0,0.0,0.0
8477970,20202021,Vitek Vanecek,WSH,G,4on5,37,10090.0,15.04,15.0,242.0,12.86,12.0,26.28,19.0,131.0,112.0,0.76,0.0,83.38,74.0,42.06,58.0,14.17,141.0,24.0,19.0,3.32,2.99,8.73,3.0,2.0,10.0,58.0,0.0,0.0
8477970,20202021,Vitek Vanecek,WSH,G,5on4,37,8816.0,1.63,3.0,28.0,1.03,0.0,2.74,2.0,18.29,25.0,4.91,3.0,6.66,7.0,13.34,13.0,1.62,21.0,3.0,2.0,0.59,0.41,0.64,2.0,0.0,1.0,2.0,0.0,0.0
8480373,20202021,Josef Korenar,S.J,G,other,10,897.0,1.69,3.0,13.0,0.55,0.0,1.28,1.0,7.03,9.0,0.25,0.0,3.48,2.0,1.78,2.0,1.38,3.0,3.0,3.0,0.13,0.32,1.24,0.0,1.0,2.0,4.0,0.0,0.0
8480373,20202021,Josef Korenar,S.J,G,all,10,29510.0,21.33,26.0,476.0,18.21,16.0,58.91,73.0,255.31,258.0,7.46,6.0,142.81,101.0,103.8,131.0,20.61,271.0,66.0,16.0,7.71,8.16,5.45,10.0,9.0,7.0,123.0,0.0,0.0
8480373,20202021,Josef Korenar,S.J,G,5on5,10,23418.0,16.23,20.0,392.0,13.84,12.0,49.14,64.0,206.64,214.0,5.84,5.0,116.22,80.0,86.12,107.0,15.88,225.0,52.0,11.0,6.63,6.24,3.35,9.0,8.0,3.0,104.0,0.0,0.0
8480373,20202021,Josef Korenar,S.J,G,4on5,10,2437.0,2.5,3.0,60.0,3.4,4.0,7.76,8.0,35.3,29.0,0.25,0.0,21.26,15.0,11.99,18.0,2.45,39.0,7.0,2.0,0.7,0.94,0.86,1.0,0.0,2.0,12.0,0.0,0.0
8480373,20202021,Josef Korenar,S.J,G,5on4,10,2758.0,0.91,0.0,11.0,0.43,0.0,0.74,0.0,6.35,6.0,1.13,1.0,1.85,4.0,3.91,4.0,0.9,4.0,4.0,0.0,0.25,0.66,0.0,0.0,0.0,0.0,3.0,0.0,0.0
8479312,20202021,Alex Lyon,PHI,G,other,6,619.0,1.94,2.0,25.0,1.18,1.0,2.67,5.0,14.9,15.0,0.25,0.0,8.12,4.0,5.64,8.0,1.88,13.0,5.0,2.0,0.59,0.6,0.74,1.0,1.0,0.0,5.0,0.0,0.0
8479312,20202021,Alex Lyon,PHI,G,all,6,19449.0,16.52,18.0,294.0,10.91,7.0,35.8,43.0,163.41,169.0,5.13,6.0,90.54,61.0,68.09,94.0,16.16,168.0,42.0,17.0,4.96,5.4,6.16,6.0,6.0,6.0,67.0,0.0,0.0
8479312,20202021,Alex Lyon,PHI,G,5on5,6,15881.0,9.12,8.0,222.0,7.96,5.0,28.32,30.0,121.28,123.0,3.93,6.0,68.95,52.0,51.78,72.0,9.03,134.0,30.0,6.0,3.9,3.86,1.36,5.0,3.0,0.0,52.0,0.0,0.0
8479312,20202021,Alex Lyon,PHI,G,4on5,6,1441.0,4.62,7.0,35.0,1.45,0.0,3.77,8.0,20.38,24.0,0.25,0.0,11.56,4.0,5.99,8.0,4.42,16.0,5.0,7.0,0.34,0.72,3.56,0.0,2.0,5.0,7.0,0.0,0.0
8479312,20202021,Alex Lyon,PHI,G,5on4,6,1508.0,0.84,1.0,12.0,0.32,1.0,1.04,0.0,6.86,7.0,0.7,0.0,1.92,1.0,4.69,6.0,0.82,5.0,2.0,2.0,0.12,0.22,0.51,0.0,0.0,1.0,3.0,0.0,0.0
8474636,20202021,Michael Hutchinson,TOR,G,other,8,591.0,0.22,0.0,10.0,0.38,0.0,0.98,3.0,5.72,6.0,0.24,1.0,3.85,3.0,2.41,2.0,0.22,8.0,0.0,0.0,0.22,0.0,0.0,0.0,0.0,0.0,2.0,0.0,0.0
8474636,20202021,Michael Hutchinson,TOR,G,all,8,25312.0,15.58,17.0,376.0,13.88,7.0,45.16,54.0,203.15,211.0,6.88,12.0,119.3,84.0,87.42,117.0,15.31,224.0,56.0,8.0,6.6,6.14,2.84,7.0,8.0,2.0,88.0,0.0,0.0
8474636,20202021,Michael Hutchinson,TOR,G,5on5,8,21036.0,12.42,13.0,321.0,10.98,5.0,39.06,46.0,169.69,174.0,5.44,10.0,100.11,69.0,73.84,102.0,12.28,189.0,48.0,5.0,5.79,5.42,1.21,5.0,8.0,0.0,79.0,0.0,0.0
8474636,20202021,Michael Hutchinson,TOR,G,4on5,8,1643.0,2.52,3.0,35.0,2.18,2.0,4.26,4.0,22.09,25.0,0.28,0.0,13.18,12.0,7.15,7.0,2.4,21.0,6.0,3.0,0.35,0.55,1.63,1.0,0.0,2.0,5.0,0.0,0.0
8474636,20202021,Michael Hutchinson,TOR,G,5on4,8,2042.0,0.34,0.0,9.0,0.28,0.0,0.73,1.0,4.88,5.0,0.89,1.0,1.85,0.0,3.61,6.0,0.34,5.0,2.0,0.0,0.17,0.18,0.0,0.0,0.0,0.0,2.0,0.0,0.0
8468011,20202021,Ryan Miller,ANA,G,other,16,2387.0,2.42,1.0,30.0,1.19,3.0,3.51,2.0,17.13,18.0,0.38,0.0,8.68,7.0,6.64,10.0,2.26,11.0,9.0,3.0,0.55,1.01,0.85,0.0,1.0,0.0,7.0,0.0,0.0
8468011,20202021,Ryan Miller,ANA,G,all,16,52255.0,37.92,51.0,773.0,30.41,43.0,100.22,106.0,423.93,432.0,11.93,14.0,242.15,173.0,173.89,209.0,36.44,441.0,122.0,36.0,13.28,14.32,10.32,22.0,17.0,12.0,174.0,0.0,0.0
8468011,20202021,Ryan Miller,ANA,G,5on5,16,42751.0,28.0,39.0,615.0,22.46,30.0,81.65,88.0,331.45,338.0,9.86,13.0,188.19,133.0,137.48,162.0,27.15,355.0,89.0,25.0,10.54,10.25,7.21,17.0,13.0,9.0,146.0,0.0,0.0
8468011,20202021,Ryan Miller,ANA,G,4on5,16,4134.0,6.28,10.0,110.0,6.17,9.0,13.16,16.0,61.85,63.0,0.41,0.0,40.83,29.0,20.39,25.0,5.87,63.0,20.0,6.0,1.85,2.61,1.83,5.0,3.0,2.0,21.0,0.0,0.0
8468011,20202021,Ryan Miller,ANA,G,5on4,16,2983.0,1.21,1.0,17.0,0.55,1.0,1.78,0.0,12.8,12.0,1.26,1.0,4.01,4.0,9.02,11.0,1.15,11.0,4.0,2.0,0.32,0.46,0.43,0.0,0.0,1.0,0.0,0.0,0.0
8475831,20202021,Philipp Grubauer,COL,G,other,40,3398.0,5.29,1.0,88.0,3.2,2.0,7.96,13.0,40.66,43.0,1.0,1.0,25.69,26.0,14.5,17.0,4.8,40.0,14.0,5.0,1.72,1.78,1.79,1.0,0.0,0.0,29.0,0.0,0.0
8475831,20202021,Philipp Grubauer,COL,G,all,40,142008.0,82.24,77.0,1828.0,68.31,81.0,228.98,272.0,973.21,993.0,43.03,35.0,554.23,382.0,395.65,522.0,78.1,1044.0,231.0,87.0,27.29,27.3,27.64,30.0,27.0,20.0,466.0,0.0,0.0
8475831,20202021,Philipp Grubauer,COL,G,5on5,40,112763.0,57.22,58.0,1375.0,48.23,60.0,179.25,200.0,735.49,739.0,33.65,25.0,411.8,284.0,306.0,400.0,55.41,791.0,180.0,55.0,21.0,21.12,15.11,23.0,23.0,12.0,349.0,0.0,0.0
8475831,20202021,Philipp Grubauer,COL,G,4on5,40,12183.0,17.33,16.0,320.0,15.15,18.0,36.9,52.0,167.3,175.0,1.05,1.0,105.56,63.0,54.34,82.0,15.61,182.0,29.0,24.0,3.83,3.46,10.04,6.0,3.0,7.0,85.0,0.0,0.0
8475831,20202021,Philipp Grubauer,COL,G,5on4,40,13664.0,2.15,1.0,42.0,1.57,1.0,4.48,5.0,27.4,33.0,7.27,8.0,9.97,9.0,19.91,23.0,2.04,29.0,8.0,2.0,0.7,0.95,0.5,0.0,1.0,0.0,3.0,0.0,0.0
8478007,20202021,Elvis Merzlikins,CBJ,G,other,28,1617.0,3.73,3.0,46.0,2.2,4.0,5.36,4.0,29.48,31.0,0.57,1.0,15.0,8.0,11.75,19.0,3.64,21.0,14.0,4.0,0.94,1.65,1.14,0.0,0.0,3.0,7.0,0.0,0.0
8478007,20202021,Elvis Merzlikins,CBJ,G,all,28,89809.0,66.16,69.0,1434.0,52.45,62.0,182.71,167.0,780.56,825.0,22.52,21.0,440.62,338.0,322.15,427.0,64.27,858.0,176.0,56.0,25.11,21.54,19.51,29.0,17.0,23.0,344.0,0.0,0.0
8478007,20202021,Elvis Merzlikins,CBJ,G,5on5,28,78829.0,51.06,56.0,1211.0,42.57,55.0,160.05,144.0,657.15,697.0,19.01,15.0,369.01,280.0,274.34,360.0,49.54,739.0,139.0,41.0,21.0,17.03,13.04,26.0,16.0,14.0,292.0,0.0,0.0
8478007,20202021,Elvis Merzlikins,CBJ,G,4on5,28,5523.0,9.43,7.0,142.0,6.38,2.0,13.83,15.0,72.22,70.0,0.64,0.0,46.74,44.0,23.32,32.0,9.19,76.0,17.0,9.0,2.42,2.13,4.88,1.0,1.0,5.0,40.0,0.0,0.0
8478007,20202021,Elvis Merzlikins,CBJ,G,5on4,28,3840.0,0.72,0.0,17.0,0.6,0.0,1.5,0.0,10.64,13.0,2.0,5.0,3.9,3.0,7.94,12.0,0.72,11.0,3.0,1.0,0.18,0.34,0.21,0.0,0.0,0.0,2.0,0.0,0.0
8479193,20202021,Casey DeSmith,PIT,G,other,20,2162.0,4.43,3.0,54.0,2.93,5.0,6.75,11.0,33.21,34.0,0.74,0.0,20.34,15.0,10.36,11.0,4.2,33.0,6.0,7.0,1.17,0.72,2.54,1.0,0.0,2.0,8.0,0.0,0.0
8479193,20202021,Casey DeSmith,PIT,G,all,20,67939.0,50.2,48.0,931.0,37.0,51.0,118.57,120.0,521.7,544.0,16.74,15.0,284.02,190.0,207.2,290.0,48.09,505.0,153.0,56.0,14.38,18.34,17.48,13.0,17.0,18.0,217.0,0.0,0.0
8479193,20202021,Casey DeSmith,PIT,G,5on5,20,55456.0,35.9,32.0,739.0,27.2,41.0,95.83,87.0,408.36,421.0,13.46,14.0,219.68,144.0,166.31,245.0,34.49,408.0,113.0,37.0,11.24,13.66,11.01,8.0,12.0,12.0,181.0,0.0,0.0
8479193,20202021,Casey DeSmith,PIT,G,4on5,20,5398.0,7.45,11.0,115.0,5.79,4.0,13.04,17.0,62.58,69.0,0.39,1.0,38.52,30.0,21.11,23.0,7.05,53.0,27.0,8.0,1.57,3.0,2.88,3.0,5.0,3.0,27.0,0.0,0.0
8479193,20202021,Casey DeSmith,PIT,G,5on4,20,4923.0,1.83,2.0,17.0,0.71,0.0,1.89,3.0,12.75,15.0,2.08,0.0,3.61,1.0,7.57,8.0,1.83,8.0,5.0,3.0,0.3,0.73,0.8,1.0,0.0,1.0,1.0,0.0,0.0
8469608,20202021,Mike Smith,EDM,G,other,32,2815.0,4.34,3.0,58.0,2.46,0.0,6.21,10.0,34.31,31.0,0.54,1.0,20.69,17.0,12.29,17.0,3.62,35.0,7.0,5.0,1.46,0.79,2.09,2.0,0.0,1.0,11.0,0.0,0.0
8469608,20202021,Mike Smith,EDM,G,all,32,110793.0,85.42,71.0,1693.0,61.66,61.0,205.72,208.0,907.13,921.0,28.29,25.0,518.72,409.0,371.97,492.0,81.04,951.0,250.0,73.0,29.43,29.63,26.37,24.0,29.0,18.0,419.0,6.0,3.0
8469608,20202021,Mike Smith,EDM,G,5on5,32,91930.0,62.2,54.0,1347.0,47.32,56.0,170.95,165.0,726.11,737.0,22.88,17.0,408.23,308.0,302.04,406.0,60.5,763.0,204.0,48.0,23.78,24.45,13.97,18.0,28.0,8.0,332.0,4.0,2.0
8469608,20202021,Mike Smith,EDM,G,4on5,32,7943.0,16.73,12.0,248.0,10.45,5.0,24.86,29.0,124.22,124.0,0.63,0.0,80.5,81.0,41.24,45.0,14.79,128.0,32.0,18.0,3.43,3.51,9.79,2.0,1.0,9.0,70.0,0.0,0.0
8469608,20202021,Mike Smith,EDM,G,5on4,32,8105.0,1.61,1.0,33.0,1.17,0.0,3.1,3.0,19.09,25.0,4.17,7.0,7.59,3.0,14.74,22.0,1.6,23.0,5.0,1.0,0.66,0.64,0.31,1.0,0.0,0.0,4.0,2.0,1.0
8480280,20202021,Jeremy Swayman,BOS,G,other,10,703.0,0.91,1.0,20.0,0.65,1.0,1.83,4.0,8.65,8.0,0.23,0.0,5.47,2.0,2.86,4.0,0.9,9.0,2.0,1.0,0.29,0.3,0.32,0.0,1.0,0.0,8.0,0.0,0.0
8480280,20202021,Jeremy Swayman,BOS,G,all,10,36103.0,20.65,15.0,521.0,18.26,16.0,63.41,77.0,271.44,271.0,9.68,13.0,156.39,118.0,113.61,143.0,20.14,308.0,59.0,14.0,8.75,7.11,4.79,6.0,5.0,4.0,140.0,0.0,0.0
8480280,20202021,Jeremy Swayman,BOS,G,5on5,10,30014.0,16.27,11.0,428.0,14.54,14.0,54.1,62.0,225.15,226.0,8.24,12.0,128.23,98.0,94.73,118.0,15.86,259.0,46.0,10.0,7.53,5.56,3.17,6.0,1.0,4.0,113.0,0.0,0.0
8480280,20202021,Jeremy Swayman,BOS,G,4on5,10,2876.0,2.59,2.0,60.0,2.57,1.0,6.35,11.0,29.91,28.0,0.32,1.0,19.81,16.0,10.7,13.0,2.52,34.0,7.0,2.0,0.81,0.73,1.06,0.0,2.0,0.0,17.0,0.0,0.0
8480280,20202021,Jeremy Swayman,BOS,G,5on4,10,2510.0,0.88,1.0,13.0,0.5,0.0,1.13,0.0,7.72,9.0,0.88,0.0,2.88,2.0,5.33,8.0,0.86,6.0,4.0,1.0,0.13,0.52,0.24,0.0,1.0,0.0,2.0,0.0,0.0
8476412,20202021,Jordan Binnington,STL,G,other,42,2726.0,9.16,11.0,113.0,4.43,5.0,11.11,15.0,59.28,69.0,0.88,0.0,35.61,22.0,19.75,29.0,8.84,52.0,17.0,14.0,1.78,2.03,5.34,4.0,2.0,5.0,30.0,0.0,0.0
8476412,20202021,Jordan Binnington,STL,G,all,42,146860.0,108.08,108.0,2203.0,81.8,105.0,285.12,281.0,1199.86,1198.0,35.34,29.0,671.48,499.0,475.24,644.0,104.23,1253.0,300.0,109.0,34.97,36.23,36.87,36.0,39.0,33.0,541.0,2.0,1.0
8476412,20202021,Jordan Binnington,STL,G,5on5,42,122821.0,77.61,75.0,1772.0,61.2,74.0,233.63,228.0,951.71,946.0,28.4,21.0,528.15,395.0,389.35,534.0,75.28,1018.0,233.0,70.0,28.87,28.34,20.4,28.0,31.0,16.0,451.0,2.0,1.0
8476412,20202021,Jordan Binnington,STL,G,4on5,42,11108.0,18.87,21.0,282.0,14.91,24.0,36.61,34.0,166.18,162.0,0.64,0.0,99.98,80.0,52.09,61.0,17.72,165.0,41.0,22.0,3.88,4.76,10.23,4.0,5.0,12.0,54.0,0.0,0.0
8476412,20202021,Jordan Binnington,STL,G,5on4,42,10205.0,1.35,0.0,28.0,0.77,1.0,2.31,2.0,16.23,13.0,5.07,8.0,5.19,2.0,11.82,16.0,1.35,17.0,4.0,1.0,0.43,0.57,0.36,0.0,0.0,0.0,6.0,0.0,0.0
8480947,20202021,Kevin Lankinen,CHI,G,other,37,2814.0,6.48,6.0,64.0,2.83,2.0,6.81,11.0,38.41,40.0,1.02,3.0,22.36,18.0,13.23,14.0,6.21,35.0,10.0,8.0,1.45,1.38,3.65,3.0,0.0,3.0,11.0,0.0,0.0
8480947,20202021,Kevin Lankinen,CHI,G,all,37,130489.0,94.71,109.0,2061.0,75.69,85.0,258.92,272.0,1112.63,1202.0,31.06,26.0,628.06,491.0,460.4,567.0,92.01,1198.0,272.0,85.0,33.68,32.45,28.57,39.0,31.0,39.0,506.0,2.0,1.0
8480947,20202021,Kevin Lankinen,CHI,G,5on5,37,108354.0,69.27,74.0,1690.0,59.03,65.0,216.61,227.0,896.57,960.0,24.69,18.0,505.97,405.0,374.08,460.0,67.26,976.0,227.0,52.0,27.62,27.15,14.51,25.0,29.0,20.0,435.0,2.0,1.0
8480947,20202021,Kevin Lankinen,CHI,G,4on5,37,8306.0,14.35,23.0,238.0,11.46,16.0,28.47,29.0,130.88,147.0,0.68,0.0,83.44,58.0,42.76,55.0,13.95,143.0,23.0,19.0,3.26,2.53,8.56,8.0,1.0,14.0,53.0,0.0,0.0
8480947,20202021,Kevin Lankinen,CHI,G,5on4,37,11015.0,3.56,4.0,48.0,1.65,2.0,4.43,4.0,33.47,39.0,4.33,5.0,10.24,7.0,23.17,27.0,3.55,30.0,8.0,6.0,0.8,0.91,1.86,2.0,0.0,2.0,4.0,0.0,0.0
8479288,20202021,Kasimir Kaskisuo,NSH,G,other,1,0.0,0.0,0.0,0.0,0.0,0.0,0.0,0.0,0.0,0.0,0.0,0.0,0.0,0.0,0.0,0.0,0.0,0.0,0.0,0.0,0.0,0.0,0.0,0.0,0.0,0.0,0.0,0.0,0.0
8479288,20202021,Kasimir Kaskisuo,NSH,G,all,1,922.0,0.28,0.0,7.0,0.24,0.0,1.07,1.0,4.21,3.0,0.45,0.0,2.31,0.0,1.91,5.0,0.28,5.0,1.0,0.0,0.17,0.11,0.0,0.0,0.0,0.0,1.0,0.0,0.0
8479288,20202021,Kasimir Kaskisuo,NSH,G,5on5,1,922.0,0.28,0.0,7.0,0.24,0.0,1.07,1.0,4.21,3.0,0.45,0.0,2.31,0.0,1.91,5.0,0.28,5.0,1.0,0.0,0.17,0.11,0.0,0.0,0.0,0.0,1.0,0.0,0.0
8479288,20202021,Kasimir Kaskisuo,NSH,G,4on5,1,0.0,0.0,0.0,0.0,0.0,0.0,0.0,0.0,0.0,0.0,0.0,0.0,0.0,0.0,0.0,0.0,0.0,0.0,0.0,0.0,0.0,0.0,0.0,0.0,0.0,0.0,0.0,0.0,0.0
8479288,20202021,Kasimir Kaskisuo,NSH,G,5on4,1,0.0,0.0,0.0,0.0,0.0,0.0,0.0,0.0,0.0,0.0,0.0,0.0,0.0,0.0,0.0,0.0,0.0,0.0,0.0,0.0,0.0,0.0,0.0,0.0,0.0,0.0,0.0,0.0,0.0
8480420,20202021,Collin Delia,CHI,G,other,6,313.0,1.28,2.0,11.0,0.59,3.0,1.51,0.0,7.46,8.0,0.16,0.0,3.88,2.0,2.45,3.0,0.98,4.0,3.0,3.0,0.15,0.33,0.8,1.0,0.0,1.0,1.0,0.0,0.0
8480420,20202021,Collin Delia,CHI,G,all,6,20069.0,19.55,20.0,337.0,13.03,20.0,45.17,36.0,197.33,198.0,4.67,4.0,105.59,77.0,78.52,109.0,17.81,185.0,60.0,24.0,5.17,7.26,7.11,8.0,6.0,6.0,68.0,0.0,0.0
8480420,20202021,Collin Delia,CHI,G,5on5,6,16632.0,14.01,15.0,277.0,10.13,15.0,38.13,34.0,159.06,156.0,3.77,3.0,85.67,64.0,64.01,83.0,13.19,158.0,44.0,15.0,4.4,5.4,4.21,7.0,6.0,2.0,60.0,0.0,0.0
8480420,20202021,Collin Delia,CHI,G,4on5,6,1247.0,3.44,2.0,35.0,1.96,2.0,4.38,2.0,22.43,25.0,0.08,0.0,13.23,11.0,6.33,12.0,2.81,16.0,9.0,5.0,0.43,1.11,1.9,0.0,0.0,2.0,5.0,0.0,0.0
8480420,20202021,Collin Delia,CHI,G,5on4,6,1877.0,0.58,1.0,11.0,0.29,0.0,0.86,0.0,6.9,7.0,0.6,1.0,2.14,0.0,4.96,8.0,0.58,5.0,3.0,1.0,0.08,0.3,0.2,0.0,0.0,1.0,2.0,0.0,0.0
8474596,20202021,Jake Allen,MTL,G,other,29,2539.0,6.22,6.0,72.0,3.13,5.0,7.79,9.0,40.34,40.0,0.73,1.0,23.19,19.0,14.3,15.0,5.67,32.0,15.0,9.0,1.25,1.84,3.13,0.0,3.0,3.0,16.0,0.0,0.0
8474596,20202021,Jake Allen,MTL,G,all,29,100956.0,78.27,76.0,1484.0,57.19,54.0,183.19,206.0,803.25,818.0,26.5,23.0,453.8,333.0,322.23,423.0,75.04,795.0,252.0,74.0,23.39,30.33,24.55,21.0,33.0,22.0,363.0,2.0,1.0
8474596,20202021,Jake Allen,MTL,G,5on5,29,82995.0,53.49,55.0,1167.0,42.65,41.0,148.46,170.0,624.1,628.0,21.82,19.0,349.49,252.0,257.44,335.0,52.39,646.0,180.0,46.0,19.07,21.76,12.66,20.0,23.0,12.0,295.0,2.0,1.0
8474596,20202021,Jake Allen,MTL,G,4on5,29,7662.0,16.39,12.0,214.0,10.29,8.0,24.25,25.0,119.23,125.0,0.79,0.0,74.39,54.0,37.73,62.0,14.84,103.0,46.0,18.0,2.66,5.29,8.43,1.0,4.0,7.0,47.0,0.0,0.0
8474596,20202021,Jake Allen,MTL,G,5on4,29,7760.0,1.15,1.0,21.0,0.65,0.0,1.51,1.0,11.92,16.0,2.97,3.0,3.78,6.0,8.58,7.0,1.15,11.0,4.0,1.0,0.27,0.56,0.33,0.0,1.0,0.0,5.0,0.0,0.0
8480313,20202021,Logan Thompson,VGK,G,other,1,54.0,0.0,0.0,0.0,0.0,0.0,0.0,0.0,0.0,0.0,0.02,0.0,0.0,0.0,0.0,0.0,0.0,0.0,0.0,0.0,0.0,0.0,0.0,0.0,0.0,0.0,0.0,0.0,0.0
8480313,20202021,Logan Thompson,VGK,G,all,1,495.0,0.14,0.0,5.0,0.15,0.0,0.55,0.0,2.39,2.0,0.14,0.0,1.11,0.0,0.99,3.0,0.14,2.0,1.0,0.0,0.04,0.09,0.0,0.0,0.0,0.0,2.0,0.0,0.0
8480313,20202021,Logan Thompson,VGK,G,5on5,1,321.0,0.14,0.0,4.0,0.15,0.0,0.55,0.0,2.39,2.0,0.07,0.0,1.11,0.0,0.99,3.0,0.14,2.0,1.0,0.0,0.04,0.09,0.0,0.0,0.0,0.0,1.0,0.0,0.0
8480313,20202021,Logan Thompson,VGK,G,4on5,1,0.0,0.0,0.0,0.0,0.0,0.0,0.0,0.0,0.0,0.0,0.0,0.0,0.0,0.0,0.0,0.0,0.0,0.0,0.0,0.0,0.0,0.0,0.0,0.0,0.0,0.0,0.0,0.0,0.0
8480313,20202021,Logan Thompson,VGK,G,5on4,1,120.0,0.0,0.0,1.0,0.0,0.0,0.0,0.0,0.0,0.0,0.04,0.0,0.0,0.0,0.0,0.0,0.0,0.0,0.0,0.0,0.0,0.0,0.0,0.0,0.0,0.0,1.0,0.0,0.0
8474682,20202021,Dustin Tokarski,BUF,G,other,13,999.0,2.23,5.0,29.0,1.37,0.0,3.93,2.0,20.67,18.0,0.34,0.0,11.19,8.0,8.61,12.0,1.97,18.0,7.0,3.0,0.75,0.81,0.68,1.0,3.0,1.0,1.0,0.0,0.0
8474682,20202021,Dustin Tokarski,BUF,G,all,13,43766.0,36.38,43.0,761.0,30.36,34.0,98.31,105.0,428.7,447.0,10.58,12.0,248.27,208.0,181.33,206.0,34.22,468.0,107.0,34.0,13.44,12.86,10.08,22.0,11.0,10.0,152.0,0.0,0.0
8474682,20202021,Dustin Tokarski,BUF,G,5on5,13,35907.0,26.66,30.0,602.0,22.93,28.0,80.25,91.0,334.64,348.0,8.9,12.0,192.69,154.0,141.24,160.0,25.31,375.0,77.0,23.0,10.78,9.53,6.35,17.0,8.0,5.0,127.0,0.0,0.0
8474682,20202021,Dustin Tokarski,BUF,G,4on5,13,3196.0,5.99,7.0,107.0,5.17,6.0,12.04,12.0,57.55,63.0,0.12,0.0,39.04,37.0,19.72,22.0,5.44,60.0,18.0,6.0,1.58,1.87,2.54,4.0,0.0,3.0,23.0,0.0,0.0
8474682,20202021,Dustin Tokarski,BUF,G,5on4,13,3664.0,1.48,1.0,22.0,0.86,0.0,1.88,0.0,15.09,17.0,1.22,0.0,4.99,9.0,11.39,11.0,1.48,14.0,5.0,2.0,0.32,0.65,0.51,0.0,0.0,1.0,1.0,0.0,0.0
8475839,20202021,Louis Domingue,CGY,G,other,1,113.0,0.1,0.0,2.0,0.08,0.0,0.26,1.0,1.37,1.0,0.0,0.0,0.74,0.0,0.78,1.0,0.1,2.0,0.0,0.0,0.1,0.0,0.0,0.0,0.0,0.0,0.0,0.0,0.0
8475839,20202021,Louis Domingue,CGY,G,all,1,3462.0,1.55,3.0,40.0,1.49,2.0,5.23,10.0,22.44,23.0,0.92,2.0,13.28,5.0,9.76,12.0,1.55,25.0,6.0,1.0,0.68,0.56,0.32,0.0,2.0,1.0,8.0,0.0,0.0
8475839,20202021,Louis Domingue,CGY,G,5on5,1,2845.0,1.46,3.0,37.0,1.41,2.0,4.97,9.0,21.07,22.0,0.82,2.0,12.54,5.0,8.99,11.0,1.45,23.0,6.0,1.0,0.58,0.56,0.32,0.0,2.0,1.0,7.0,0.0,0.0
8475839,20202021,Louis Domingue,CGY,G,4on5,1,252.0,0.0,0.0,1.0,0.0,0.0,0.0,0.0,0.0,0.0,0.02,0.0,0.0,0.0,0.0,0.0,0.0,0.0,0.0,0.0,0.0,0.0,0.0,0.0,0.0,0.0,1.0,0.0,0.0
8475839,20202021,Louis Domingue,CGY,G,5on4,1,252.0,0.0,0.0,0.0,0.0,0.0,0.0,0.0,0.0,0.0,0.08,0.0,0.0,0.0,0.0,0.0,0.0,0.0,0.0,0.0,0.0,0.0,0.0,0.0,0.0,0.0,0.0,0.0,0.0
8479979,20202021,Jake Oettinger,DAL,G,other,29,1297.0,3.6,3.0,47.0,2.3,3.0,6.47,6.0,32.68,29.0,0.33,0.0,17.34,14.0,12.26,15.0,3.39,26.0,14.0,3.0,0.93,1.76,0.91,1.0,2.0,0.0,4.0,0.0,0.0
8479979,20202021,Jake Oettinger,DAL,G,all,29,96235.0,58.24,63.0,1336.0,48.2,47.0,167.63,151.0,720.64,710.0,25.93,22.0,406.45,336.0,304.65,388.0,56.4,797.0,162.0,50.0,22.27,19.57,16.4,19.0,24.0,20.0,327.0,4.0,2.0
8479979,20202021,Jake Oettinger,DAL,G,5on5,29,82057.0,42.16,47.0,1065.0,36.44,34.0,137.28,122.0,568.6,565.0,21.22,18.0,320.99,260.0,243.21,315.0,40.95,641.0,126.0,32.0,18.11,15.21,8.84,17.0,20.0,10.0,266.0,2.0,1.0
8479979,20202021,Jake Oettinger,DAL,G,4on5,29,6508.0,8.83,10.0,159.0,7.12,7.0,17.35,19.0,81.82,75.0,0.56,0.0,52.16,46.0,27.05,32.0,8.61,94.0,9.0,12.0,1.9,1.0,5.93,1.0,0.0,9.0,44.0,0.0,0.0
8479979,20202021,Jake Oettinger,DAL,G,5on4,29,6373.0,1.3,0.0,29.0,0.98,0.0,2.77,1.0,18.8,19.0,3.49,4.0,6.74,9.0,14.63,17.0,1.3,22.0,4.0,1.0,0.59,0.51,0.2,0.0,0.0,0.0,2.0,2.0,1.0
8470860,20202021,Jaroslav Halak,BOS,G,other,19,1358.0,1.77,4.0,36.0,1.64,0.0,4.62,2.0,22.33,22.0,0.67,1.0,13.27,13.0,8.92,12.0,1.73,22.0,8.0,1.0,0.56,0.96,0.25,2.0,2.0,0.0,5.0,0.0,0.0
8470860,20202021,Jaroslav Halak,BOS,G,all,19,65401.0,37.77,46.0,880.0,33.01,22.0,109.46,110.0,483.9,482.0,18.06,27.0,272.42,184.0,201.62,290.0,37.03,515.0,129.0,26.0,13.95,15.48,8.33,18.0,19.0,9.0,210.0,0.0,0.0
8470860,20202021,Jaroslav Halak,BOS,G,5on5,19,53177.0,28.41,32.0,680.0,23.72,18.0,86.76,95.0,368.62,364.0,14.43,23.0,204.25,132.0,154.03,217.0,27.89,397.0,94.0,18.0,11.28,11.39,5.73,14.0,13.0,5.0,171.0,0.0,0.0
8470860,20202021,Jaroslav Halak,BOS,G,4on5,19,5770.0,5.47,6.0,132.0,6.55,3.0,15.1,13.0,72.67,73.0,0.62,0.0,47.79,35.0,24.59,42.0,5.31,78.0,20.0,4.0,1.67,2.22,1.58,1.0,3.0,2.0,30.0,0.0,0.0
8470860,20202021,Jaroslav Halak,BOS,G,5on4,19,5096.0,1.58,3.0,27.0,0.9,0.0,2.26,0.0,16.49,19.0,2.17,2.0,5.51,4.0,12.26,16.0,1.57,15.0,6.0,2.0,0.3,0.78,0.49,1.0,1.0,1.0,4.0,0.0,0.0
8477234,20202021,Troy Grosenick,L.A,G,other,2,128.0,0.09,1.0,1.0,0.04,0.0,0.13,0.0,0.71,1.0,0.0,0.0,0.36,0.0,0.36,0.0,0.09,0.0,1.0,0.0,0.0,0.09,0.0,0.0,1.0,0.0,0.0,0.0,0.0
8477234,20202021,Troy Grosenick,L.A,G,all,2,7200.0,7.37,6.0,144.0,5.17,8.0,17.28,20.0,73.33,77.0,1.76,3.0,41.35,27.0,29.36,41.0,7.0,74.0,21.0,8.0,2.4,2.51,2.46,1.0,1.0,4.0,41.0,0.0,0.0
8477234,20202021,Troy Grosenick,L.A,G,5on5,2,5949.0,6.12,5.0,122.0,4.34,7.0,14.61,16.0,61.42,67.0,1.5,3.0,33.87,22.0,24.98,35.0,5.84,64.0,14.0,8.0,1.96,1.7,2.46,1.0,0.0,4.0,36.0,0.0,0.0
8477234,20202021,Troy Grosenick,L.A,G,4on5,2,619.0,1.14,0.0,20.0,0.76,1.0,2.34,4.0,10.38,8.0,0.04,0.0,6.89,5.0,3.49,5.0,1.06,9.0,6.0,0.0,0.43,0.72,0.0,0.0,0.0,0.0,5.0,0.0,0.0
8477234,20202021,Troy Grosenick,L.A,G,5on4,2,504.0,0.01,0.0,1.0,0.02,0.0,0.19,0.0,0.81,1.0,0.22,0.0,0.23,0.0,0.52,1.0,0.01,1.0,0.0,0.0,0.01,0.0,0.0,0.0,0.0,0.0,0.0,0.0,0.0
8480051,20202021,Cayden Primeau,MTL,G,other,4,282.0,0.89,1.0,8.0,0.5,1.0,1.12,0.0,5.61,6.0,0.17,0.0,3.13,3.0,2.18,3.0,0.84,4.0,3.0,1.0,0.09,0.46,0.34,0.0,1.0,0.0,0.0,0.0,0.0
8480051,20202021,Cayden Primeau,MTL,G,all,4,12114.0,10.57,14.0,153.0,6.74,9.0,20.8,19.0,94.94,93.0,3.5,1.0,51.74,29.0,37.27,55.0,10.35,90.0,25.0,15.0,2.66,3.02,4.88,4.0,4.0,6.0,23.0,0.0,0.0
8480051,20202021,Cayden Primeau,MTL,G,5on5,4,10367.0,6.92,11.0,124.0,5.19,6.0,17.35,14.0,76.19,74.0,2.89,1.0,41.92,22.0,30.3,49.0,6.83,75.0,19.0,10.0,2.25,2.18,2.5,4.0,3.0,4.0,20.0,0.0,0.0
8480051,20202021,Cayden Primeau,MTL,G,4on5,4,619.0,2.67,2.0,19.0,0.98,2.0,2.13,5.0,11.75,12.0,0.08,0.0,6.22,3.0,3.66,2.0,2.6,9.0,3.0,4.0,0.23,0.39,2.05,0.0,0.0,2.0,3.0,0.0,0.0
8480051,20202021,Cayden Primeau,MTL,G,5on4,4,846.0,0.09,0.0,2.0,0.07,0.0,0.2,0.0,1.38,1.0,0.36,0.0,0.48,1.0,1.14,1.0,0.09,2.0,0.0,0.0,0.09,0.0,0.0,0.0,0.0,0.0,0.0,0.0,0.0
8471695,20202021,Tuukka Rask,BOS,G,other,24,2673.0,3.87,2.0,59.0,2.39,0.0,6.36,8.0,32.99,26.0,0.85,2.0,19.75,14.0,13.51,22.0,3.82,25.0,21.0,1.0,1.0,2.67,0.2,1.0,1.0,0.0,12.0,0.0,0.0
8471695,20202021,Tuukka Rask,BOS,G,all,24,83787.0,56.64,53.0,1124.0,42.84,38.0,141.78,151.0,622.13,611.0,25.11,38.0,350.15,252.0,255.14,343.0,55.01,627.0,191.0,49.0,17.3,23.59,15.74,19.0,20.0,14.0,257.0,0.0,0.0
8471695,20202021,Tuukka Rask,BOS,G,5on5,24,68595.0,39.98,39.0,879.0,31.75,33.0,115.01,124.0,484.91,473.0,20.17,32.0,270.08,189.0,201.37,267.0,38.81,507.0,134.0,33.0,13.9,16.08,10.01,16.0,15.0,8.0,205.0,0.0,0.0
8471695,20202021,Tuukka Rask,BOS,G,4on5,24,6526.0,9.45,10.0,151.0,7.19,4.0,16.69,15.0,80.06,83.0,0.59,1.0,52.02,42.0,25.98,36.0,9.13,78.0,25.0,11.0,1.92,3.18,4.35,1.0,3.0,6.0,37.0,0.0,0.0
8471695,20202021,Tuukka Rask,BOS,G,5on4,24,5993.0,2.6,1.0,27.0,1.09,1.0,2.8,4.0,18.68,22.0,3.27,3.0,5.92,4.0,11.87,15.0,2.52,14.0,7.0,4.0,0.39,1.03,1.18,0.0,1.0,0.0,2.0,0.0,0.0
8478048,20202021,Igor Shesterkin,NYR,G,other,35,2672.0,4.34,4.0,79.0,2.6,2.0,6.77,5.0,35.05,34.0,0.88,2.0,22.22,19.0,12.85,18.0,4.2,31.0,14.0,5.0,1.21,1.72,1.41,4.0,0.0,0.0,29.0,0.0,0.0
8478048,20202021,Igor Shesterkin,NYR,G,all,35,113941.0,85.99,83.0,1804.0,67.81,65.0,222.32,213.0,969.87,988.0,29.37,39.0,553.16,450.0,399.99,523.0,83.38,1030.0,249.0,82.0,28.81,29.87,27.31,30.0,28.0,25.0,443.0,0.0,0.0
8478048,20202021,Igor Shesterkin,NYR,G,5on5,35,92959.0,62.83,57.0,1429.0,51.97,53.0,183.6,176.0,774.62,790.0,22.58,29.0,436.55,343.0,324.72,434.0,61.28,827.0,202.0,56.0,23.65,24.28,14.9,26.0,19.0,12.0,344.0,0.0,0.0
8478048,20202021,Igor Shesterkin,NYR,G,4on5,35,9235.0,16.92,22.0,251.0,11.88,10.0,28.06,29.0,134.36,135.0,0.71,2.0,84.98,75.0,43.76,52.0,16.02,144.0,25.0,21.0,3.0,2.93,10.99,0.0,9.0,13.0,61.0,0.0,0.0
8478048,20202021,Igor Shesterkin,NYR,G,5on4,35,9075.0,1.43,0.0,36.0,1.09,0.0,3.05,1.0,21.11,24.0,5.02,6.0,7.37,11.0,16.43,17.0,1.42,24.0,6.0,0.0,0.8,0.64,0.0,0.0,0.0,0.0,6.0,0.0,0.0
8477992,20202021,Jonas Johansson,COL,G,other,15,1183.0,1.65,2.0,22.0,0.6,0.0,1.95,1.0,10.17,11.0,0.59,1.0,4.81,4.0,4.64,7.0,1.41,8.0,4.0,2.0,0.22,0.42,1.0,1.0,0.0,1.0,8.0,0.0,0.0
8477992,20202021,Jonas Johansson,COL,G,all,15,49010.0,30.25,39.0,666.0,25.72,29.0,85.31,76.0,369.56,380.0,13.48,7.0,212.46,140.0,151.98,222.0,29.24,388.0,108.0,22.0,10.65,13.08,6.52,16.0,14.0,9.0,148.0,0.0,0.0
8477992,20202021,Jonas Johansson,COL,G,5on5,15,40691.0,23.83,32.0,541.0,20.27,23.0,70.96,67.0,303.51,309.0,11.0,3.0,171.58,111.0,127.45,182.0,23.18,319.0,89.0,16.0,8.63,10.91,4.29,13.0,13.0,6.0,117.0,0.0,0.0
8477992,20202021,Jonas Johansson,COL,G,4on5,15,3697.0,4.65,5.0,98.0,4.72,6.0,12.0,8.0,53.07,57.0,0.14,1.0,35.08,24.0,17.6,30.0,4.53,57.0,15.0,4.0,1.68,1.75,1.22,2.0,1.0,2.0,22.0,0.0,0.0
8477992,20202021,Jonas Johansson,COL,G,5on4,15,3439.0,0.12,0.0,5.0,0.13,0.0,0.4,0.0,2.81,3.0,1.75,2.0,0.98,1.0,2.29,3.0,0.12,4.0,0.0,0.0,0.12,0.0,0.0,0.0,0.0,0.0,1.0,0.0,0.0
8481519,20202021,Spencer Knight,FLA,G,other,4,154.0,0.56,1.0,10.0,0.54,0.0,1.08,1.0,6.2,7.0,0.06,0.0,4.08,4.0,2.53,3.0,0.55,6.0,3.0,0.0,0.28,0.29,0.0,1.0,0.0,0.0,1.0,0.0,0.0
8481519,20202021,Spencer Knight,FLA,G,all,4,12414.0,6.9,8.0,155.0,5.73,7.0,19.7,15.0,85.72,100.0,4.05,3.0,48.27,42.0,36.57,45.0,6.78,100.0,12.0,8.0,2.69,1.27,2.94,3.0,1.0,4.0,35.0,0.0,0.0
8481519,20202021,Spencer Knight,FLA,G,5on5,4,10571.0,4.41,5.0,123.0,4.45,6.0,16.45,12.0,68.29,81.0,3.06,3.0,38.37,31.0,29.08,38.0,4.34,82.0,7.0,6.0,2.11,0.78,1.53,2.0,1.0,2.0,28.0,0.0,0.0
8481519,20202021,Spencer Knight,FLA,G,4on5,4,424.0,1.72,2.0,18.0,0.6,1.0,1.75,1.0,8.33,9.0,0.04,0.0,4.84,7.0,2.81,1.0,1.68,9.0,1.0,2.0,0.22,0.09,1.41,0.0,0.0,2.0,6.0,0.0,0.0
8481519,20202021,Spencer Knight,FLA,G,5on4,4,1265.0,0.21,0.0,4.0,0.14,0.0,0.42,1.0,2.9,3.0,0.71,0.0,0.98,0.0,2.15,3.0,0.21,3.0,1.0,0.0,0.09,0.12,0.0,0.0,0.0,0.0,0.0,0.0,0.0
8480162,20202021,Matiss Kivlenieks,CBJ,G,other,2,11.0,0.5,1.0,8.0,0.3,0.0,0.72,2.0,4.03,5.0,0.13,0.0,1.68,1.0,1.67,1.0,0.49,2.0,3.0,0.0,0.05,0.45,0.0,0.0,1.0,0.0,3.0,0.0,0.0
8480162,20202021,Matiss Kivlenieks,CBJ,G,all,2,7401.0,6.0,7.0,113.0,4.24,3.0,14.1,11.0,63.87,71.0,1.97,2.0,34.75,33.0,25.99,32.0,5.93,66.0,16.0,5.0,1.81,1.87,2.31,2.0,2.0,3.0,26.0,0.0,0.0
8480162,20202021,Matiss Kivlenieks,CBJ,G,5on5,2,6938.0,4.02,4.0,96.0,3.68,2.0,12.61,9.0,55.11,61.0,1.73,2.0,31.04,31.0,22.99,29.0,3.96,60.0,13.0,3.0,1.73,1.43,0.86,2.0,1.0,1.0,20.0,0.0,0.0
8480162,20202021,Matiss Kivlenieks,CBJ,G,4on5,2,332.0,1.48,2.0,8.0,0.25,1.0,0.78,0.0,4.73,5.0,0.09,0.0,2.04,1.0,1.34,2.0,1.48,4.0,0.0,2.0,0.03,0.0,1.46,0.0,0.0,2.0,2.0,0.0,0.0
8480162,20202021,Matiss Kivlenieks,CBJ,G,5on4,2,120.0,0.0,0.0,1.0,0.0,0.0,0.0,0.0,0.0,0.0,0.02,0.0,0.0,0.0,0.0,0.0,0.0,0.0,0.0,0.0,0.0,0.0,0.0,0.0,0.0,0.0,1.0,0.0,0.0
8475717,20202021,Calvin Pickard,DET,G,other,6,375.0,0.04,0.0,3.0,0.05,0.0,0.12,0.0,0.67,1.0,0.14,0.0,0.62,1.0,0.16,0.0,0.04,1.0,0.0,0.0,0.04,0.0,0.0,0.0,0.0,0.0,2.0,0.0,0.0
8475717,20202021,Calvin Pickard,DET,G,all,6,18203.0,11.04,16.0,237.0,8.81,6.0,27.79,32.0,127.42,125.0,4.2,5.0,70.91,44.0,54.46,74.0,10.92,136.0,35.0,6.0,4.58,4.34,2.11,5.0,9.0,2.0,60.0,0.0,0.0
8475717,20202021,Calvin Pickard,DET,G,5on5,6,15702.0,8.51,14.0,206.0,7.58,3.0,24.5,28.0,109.67,110.0,3.55,5.0,62.09,38.0,46.87,66.0,8.45,120.0,29.0,4.0,3.91,3.52,1.08,4.0,8.0,2.0,53.0,0.0,0.0
8475717,20202021,Calvin Pickard,DET,G,4on5,6,962.0,1.63,0.0,15.0,0.65,2.0,1.94,1.0,8.71,6.0,0.08,0.0,4.94,2.0,2.54,6.0,1.61,7.0,3.0,2.0,0.24,0.36,1.03,0.0,0.0,0.0,3.0,0.0,0.0
8475717,20202021,Calvin Pickard,DET,G,5on4,6,1164.0,0.41,1.0,6.0,0.18,1.0,0.49,0.0,3.7,4.0,0.34,0.0,1.13,1.0,2.68,2.0,0.4,3.0,2.0,0.0,0.12,0.28,0.0,0.0,1.0,0.0,1.0,0.0,0.0
