player_id,season,player,team,position,situation,gp,toi,xGoals,goals,unblocked_shot_attempts,xRebounds,rebounds,xFreeze,freeze,xOnGoal,shots,xPlayStopped,playStopped,xPlayContinuedInZone,playContinuedInZone,xPlayContinuedOutsideZone,playContinuedOutsideZone,flurryAdjustedxGoals,ldsc,mdsc,hdsc,ldsc_xg,mdsc_xg,hdsc_xg,ldsc_g,mdsc_g,hdsc_g,blocked_shot_attempts,pim,penalties
8470147,20192020,Curtis McElhinney,T.B,G,other,18,1819.0,3.13,4.0,44.0,1.76,2.0,4.62,3.0,23.17,25.0,0.58,1.0,13.5,12.0,8.24,11.0,3.02,16.0,15.0,2.0,0.63,1.71,0.8,1.0,2.0,1.0,11.0,0.0,0.0
8470147,20192020,Curtis McElhinney,T.B,G,all,18,64921.0,51.92,53.0,1000.0,38.59,38.0,125.15,123.0,551.04,552.0,17.96,20.0,309.22,225.0,221.53,300.0,49.84,562.0,157.0,46.0,17.48,18.77,15.67,19.0,15.0,19.0,235.0,0.0,0.0
8470147,20192020,Curtis McElhinney,T.B,G,5on5,18,51481.0,32.49,33.0,746.0,27.37,26.0,98.09,104.0,411.13,418.0,13.69,16.0,230.71,155.0,170.15,231.0,31.15,449.0,99.0,24.0,13.69,11.89,6.91,16.0,10.0,7.0,174.0,0.0,0.0
8470147,20192020,Curtis McElhinney,T.B,G,4on5,18,6091.0,13.32,13.0,174.0,8.18,8.0,19.02,15.0,93.72,85.0,0.51,0.0,57.33,55.0,29.13,38.0,12.8,76.0,40.0,14.0,2.44,4.77,6.1,1.0,3.0,9.0,44.0,0.0,0.0
8470147,20192020,Curtis McElhinney,T.B,G,5on4,18,5530.0,2.17,2.0,27.0,0.94,1.0,2.47,1.0,18.4,19.0,3.07,3.0,5.55,3.0,12.37,16.0,2.07,18.0,2.0,4.0,0.67,0.3,1.21,1.0,0.0,1.0,3.0,0.0,0.0
8474596,20192020,Jake Allen,STL,G,other,24,1637.0,3.53,4.0,61.0,2.76,0.0,5.82,7.0,32.64,39.0,0.74,0.0,20.53,20.0,11.36,14.0,3.47,31.0,11.0,4.0,1.15,1.34,1.04,2.0,1.0,1.0,15.0,0.0,0.0
8474596,20192020,Jake Allen,STL,G,all,24,78105.0,53.19,49.0,1107.0,42.03,45.0,138.35,154.0,603.33,631.0,19.96,19.0,338.17,267.0,246.48,308.0,51.3,617.0,175.0,48.0,17.57,21.07,14.54,23.0,14.0,12.0,267.0,0.0,0.0
8474596,20192020,Jake Allen,STL,G,5on5,24,65447.0,39.91,35.0,898.0,32.36,41.0,116.72,133.0,490.21,513.0,16.16,16.0,270.87,207.0,204.06,251.0,38.41,510.0,140.0,31.0,14.27,16.83,8.8,17.0,11.0,7.0,217.0,0.0,0.0
8474596,20192020,Jake Allen,STL,G,4on5,24,5317.0,8.48,8.0,128.0,6.11,3.0,14.01,14.0,67.77,63.0,0.26,0.0,42.2,37.0,21.93,31.0,8.18,65.0,18.0,12.0,1.87,2.13,4.48,3.0,1.0,4.0,33.0,0.0,0.0
8474596,20192020,Jake Allen,STL,G,5on4,24,5704.0,1.27,2.0,20.0,0.8,1.0,1.82,0.0,12.72,16.0,2.78,3.0,4.56,3.0,9.13,12.0,1.24,11.0,6.0,1.0,0.28,0.76,0.23,1.0,1.0,0.0,2.0,0.0,0.0
8480022,20192020,Michael Dipietro,VAN,G,other,1,0.0,0.0,0.0,0.0,0.0,0.0,0.0,0.0,0.0,0.0,0.0,0.0,0.0,0.0,0.0,0.0,0.0,0.0,0.0,0.0,0.0,0.0,0.0,0.0,0.0,0.0,0.0,0.0,0.0
8480022,20192020,Michael Dipietro,VAN,G,all,1,503.0,0.47,1.0,10.0,0.37,0.0,1.25,3.0,5.8,7.0,0.2,0.0,2.84,2.0,2.88,2.0,0.46,5.0,3.0,0.0,0.12,0.35,0.0,0.0,1.0,0.0,2.0,0.0,0.0
8480022,20192020,Michael Dipietro,VAN,G,5on5,1,321.0,0.17,0.0,7.0,0.24,0.0,0.76,1.0,3.56,4.0,0.12,0.0,1.98,2.0,1.74,2.0,0.17,4.0,1.0,0.0,0.08,0.09,0.0,0.0,0.0,0.0,2.0,0.0,0.0
8480022,20192020,Michael Dipietro,VAN,G,4on5,1,83.0,0.09,1.0,1.0,0.06,0.0,0.16,0.0,0.78,1.0,0.0,0.0,0.4,0.0,0.26,0.0,0.09,0.0,1.0,0.0,0.0,0.09,0.0,0.0,1.0,0.0,0.0,0.0,0.0
8480022,20192020,Michael Dipietro,VAN,G,5on4,1,99.0,0.21,0.0,2.0,0.07,0.0,0.32,2.0,1.46,2.0,0.09,0.0,0.45,0.0,0.88,0.0,0.2,1.0,1.0,0.0,0.04,0.17,0.0,0.0,0.0,0.0,0.0,0.0,0.0
8478048,20192020,Igor Shesterkin,NYR,G,other,12,1485.0,2.85,0.0,39.0,2.1,3.0,4.02,2.0,21.77,24.0,0.23,0.0,13.18,17.0,6.11,8.0,2.59,17.0,9.0,4.0,0.86,1.06,0.92,0.0,0.0,0.0,9.0,0.0,0.0
8478048,20192020,Igor Shesterkin,NYR,G,all,12,41495.0,32.09,29.0,776.0,27.0,40.0,93.89,83.0,404.75,424.0,11.96,9.0,225.18,197.0,168.81,205.0,30.59,437.0,98.0,28.0,11.43,11.85,8.81,10.0,9.0,10.0,213.0,0.0,0.0
8478048,20192020,Igor Shesterkin,NYR,G,5on5,12,34177.0,23.11,23.0,627.0,19.78,25.0,76.13,72.0,320.41,335.0,10.27,9.0,176.32,143.0,138.44,176.0,22.23,351.0,76.0,19.0,8.89,9.07,5.14,10.0,8.0,5.0,181.0,0.0,0.0
8478048,20192020,Igor Shesterkin,NYR,G,4on5,12,3053.0,5.27,5.0,96.0,4.65,10.0,12.03,8.0,53.55,54.0,0.2,0.0,32.48,32.0,17.83,17.0,4.92,60.0,10.0,4.0,1.49,1.31,2.47,0.0,1.0,4.0,22.0,0.0,0.0
8478048,20192020,Igor Shesterkin,NYR,G,5on4,12,2780.0,0.87,1.0,14.0,0.47,2.0,1.71,1.0,9.01,11.0,1.26,0.0,3.2,5.0,6.44,4.0,0.85,9.0,3.0,1.0,0.19,0.39,0.28,0.0,0.0,1.0,1.0,0.0,0.0
8478499,20192020,Adin Hill,ARI,G,other,13,936.0,2.14,3.0,26.0,1.27,0.0,2.84,5.0,16.93,12.0,0.39,0.0,10.28,8.0,5.92,7.0,2.12,18.0,3.0,2.0,0.58,0.38,1.19,1.0,0.0,2.0,3.0,0.0,0.0
8478499,20192020,Adin Hill,ARI,G,all,13,38446.0,30.19,28.0,641.0,24.01,25.0,78.52,70.0,345.64,341.0,10.16,10.0,196.81,157.0,144.3,185.0,29.23,367.0,97.0,22.0,11.36,11.41,7.42,11.0,10.0,7.0,155.0,2.0,1.0
8478499,20192020,Adin Hill,ARI,G,5on5,13,32091.0,21.82,17.0,528.0,18.23,19.0,65.5,58.0,274.75,269.0,8.19,10.0,157.99,127.0,115.56,149.0,21.22,304.0,71.0,14.0,9.54,8.16,4.12,10.0,6.0,1.0,139.0,2.0,1.0
8478499,20192020,Adin Hill,ARI,G,4on5,13,2376.0,4.84,7.0,65.0,3.66,4.0,7.92,6.0,39.1,42.0,0.36,0.0,23.27,18.0,13.05,18.0,4.56,31.0,19.0,4.0,0.84,2.32,1.68,0.0,4.0,3.0,11.0,0.0,0.0
8478499,20192020,Adin Hill,ARI,G,5on4,13,3043.0,0.9,0.0,18.0,0.61,2.0,1.8,1.0,11.59,14.0,1.15,0.0,3.94,4.0,8.39,9.0,0.84,13.0,2.0,1.0,0.35,0.34,0.21,0.0,0.0,0.0,2.0,0.0,0.0
8477312,20192020,Antoine Bibeau,COL,G,other,2,353.0,0.69,2.0,9.0,0.36,1.0,0.86,1.0,4.5,5.0,0.08,0.0,2.76,1.0,1.12,1.0,0.65,3.0,2.0,1.0,0.14,0.19,0.36,1.0,0.0,1.0,3.0,0.0,0.0
8477312,20192020,Antoine Bibeau,COL,G,all,2,5505.0,4.29,5.0,96.0,3.25,3.0,10.32,7.0,47.93,42.0,1.41,0.0,28.15,22.0,19.35,28.0,4.07,47.0,17.0,3.0,1.6,1.85,0.84,2.0,2.0,1.0,29.0,0.0,0.0
8477312,20192020,Antoine Bibeau,COL,G,5on5,2,3868.0,2.78,0.0,67.0,2.26,2.0,7.98,5.0,35.35,27.0,1.06,0.0,20.18,17.0,14.63,23.0,2.64,35.0,12.0,2.0,1.0,1.3,0.47,0.0,0.0,0.0,18.0,0.0,0.0
8477312,20192020,Antoine Bibeau,COL,G,4on5,2,666.0,0.76,3.0,18.0,0.57,0.0,1.31,1.0,6.74,8.0,0.02,0.0,4.73,3.0,2.4,3.0,0.72,7.0,3.0,0.0,0.41,0.35,0.0,1.0,2.0,0.0,8.0,0.0,0.0
8477312,20192020,Antoine Bibeau,COL,G,5on4,2,618.0,0.06,0.0,2.0,0.06,0.0,0.16,0.0,1.33,2.0,0.26,0.0,0.48,1.0,1.21,1.0,0.05,2.0,0.0,0.0,0.06,0.0,0.0,0.0,0.0,0.0,0.0,0.0,0.0
8468685,20192020,Henrik Lundqvist,NYR,G,other,30,2421.0,4.67,3.0,59.0,2.97,4.0,7.59,10.0,35.69,37.0,0.53,0.0,21.24,20.0,11.35,10.0,4.13,34.0,8.0,8.0,1.21,0.96,2.5,2.0,0.0,1.0,9.0,0.0,0.0
8468685,20192020,Henrik Lundqvist,NYR,G,all,30,95873.0,80.75,84.0,1635.0,63.2,86.0,213.05,155.0,914.93,885.0,24.54,21.0,514.39,438.0,376.15,487.0,77.36,967.0,235.0,77.0,26.05,28.47,26.23,34.0,22.0,28.0,356.0,2.0,1.0
8468685,20192020,Henrik Lundqvist,NYR,G,5on5,30,77074.0,56.53,55.0,1274.0,45.38,63.0,169.86,127.0,701.25,664.0,18.72,14.0,389.42,330.0,293.44,381.0,54.17,740.0,188.0,50.0,20.52,22.72,13.29,26.0,15.0,14.0,296.0,2.0,1.0
8468685,20192020,Henrik Lundqvist,NYR,G,4on5,30,7776.0,16.57,24.0,248.0,13.18,18.0,30.47,15.0,144.84,145.0,0.82,0.0,92.07,78.0,47.93,66.0,16.1,159.0,30.0,16.0,3.32,3.63,9.61,5.0,6.0,13.0,43.0,0.0,0.0
8468685,20192020,Henrik Lundqvist,NYR,G,5on4,30,8602.0,2.66,2.0,47.0,1.43,1.0,4.23,2.0,29.32,35.0,4.3,7.0,9.89,9.0,21.84,27.0,2.65,30.0,8.0,3.0,0.76,1.07,0.83,1.0,1.0,0.0,6.0,0.0,0.0
8471750,20192020,Ben Bishop,DAL,G,other,44,4832.0,10.01,6.0,143.0,6.53,9.0,16.25,17.0,81.78,85.0,1.78,6.0,49.82,43.0,27.74,39.0,9.28,72.0,34.0,8.0,2.95,4.27,2.79,2.0,3.0,1.0,29.0,0.0,0.0
8471750,20192020,Ben Bishop,DAL,G,all,44,148429.0,103.16,103.0,2400.0,85.36,84.0,292.33,247.0,1259.38,1283.0,40.0,47.0,717.31,587.0,521.11,706.0,98.6,1361.0,314.0,86.0,36.68,37.38,29.1,35.0,39.0,29.0,639.0,2.0,1.0
8471750,20192020,Ben Bishop,DAL,G,5on5,44,120814.0,71.42,74.0,1860.0,61.5,59.0,233.73,203.0,968.08,971.0,31.26,29.0,546.3,437.0,410.79,553.0,69.15,1065.0,238.0,52.0,28.89,27.89,14.64,30.0,30.0,14.0,505.0,2.0,1.0
8471750,20192020,Ben Bishop,DAL,G,4on5,44,11825.0,19.05,21.0,342.0,15.75,16.0,36.77,26.0,173.12,183.0,0.92,0.0,109.33,96.0,56.37,80.0,17.49,187.0,32.0,24.0,3.97,3.98,11.1,2.0,5.0,14.0,99.0,0.0,0.0
8471750,20192020,Ben Bishop,DAL,G,5on4,44,10958.0,2.07,1.0,49.0,1.25,0.0,4.65,0.0,31.35,38.0,5.83,11.0,9.93,10.0,24.16,32.0,2.05,35.0,6.0,2.0,0.82,0.68,0.57,1.0,0.0,0.0,6.0,0.0,0.0
8470594,20192020,Marc-Andre Fleury,VGK,G,other,49,3885.0,10.22,7.0,124.0,5.01,10.0,13.85,9.0,68.68,60.0,1.19,2.0,37.87,41.0,23.7,25.0,9.51,51.0,28.0,14.0,1.88,3.33,5.01,0.0,2.0,5.0,31.0,0.0,0.0
8470594,20192020,Marc-Andre Fleury,VGK,G,all,49,171668.0,126.68,133.0,2507.0,95.31,134.0,317.47,256.0,1364.63,1398.0,53.23,46.0,763.79,635.0,547.4,703.0,120.97,1440.0,312.0,146.0,40.51,37.28,48.88,41.0,36.0,56.0,609.0,8.0,4.0
8470594,20192020,Marc-Andre Fleury,VGK,G,5on5,49,141200.0,87.14,93.0,1943.0,70.72,98.0,255.73,214.0,1058.22,1097.0,43.36,32.0,588.62,468.0,438.39,571.0,84.43,1144.0,241.0,93.0,33.04,28.5,25.6,39.0,28.0,26.0,465.0,8.0,4.0
8470594,20192020,Marc-Andre Fleury,VGK,G,4on5,49,14169.0,26.84,32.0,399.0,18.08,26.0,44.29,32.0,210.54,207.0,1.38,0.0,127.16,117.0,66.82,81.0,24.56,220.0,32.0,38.0,4.78,4.0,18.06,2.0,6.0,24.0,109.0,0.0,0.0
8470594,20192020,Marc-Andre Fleury,VGK,G,5on4,49,12414.0,1.74,1.0,31.0,0.98,0.0,2.39,1.0,19.65,25.0,7.15,12.0,6.52,7.0,14.79,18.0,1.73,18.0,8.0,1.0,0.46,1.07,0.21,0.0,0.0,1.0,4.0,0.0,0.0
8471774,20192020,Alex Stalock,MIN,G,other,38,3846.0,7.89,12.0,117.0,5.55,10.0,12.83,19.0,64.86,70.0,1.03,0.0,38.01,22.0,21.21,23.0,7.61,62.0,16.0,10.0,2.16,1.96,3.78,1.0,5.0,6.0,29.0,0.0,0.0
8471774,20192020,Alex Stalock,MIN,G,all,38,130618.0,85.57,97.0,2031.0,72.17,74.0,251.42,234.0,1069.71,1082.0,34.81,25.0,617.11,471.0,450.28,597.0,83.14,1218.0,221.0,73.0,34.13,26.86,24.58,37.0,29.0,31.0,519.0,4.0,2.0
8471774,20192020,Alex Stalock,MIN,G,5on5,38,105297.0,60.89,67.0,1647.0,54.16,47.0,207.06,188.0,852.04,845.0,27.5,21.0,492.23,385.0,366.71,490.0,59.44,992.0,173.0,44.0,27.34,21.21,12.34,34.0,20.0,13.0,438.0,2.0,1.0
8471774,20192020,Alex Stalock,MIN,G,4on5,38,9381.0,14.31,15.0,220.0,10.82,17.0,27.57,23.0,124.46,132.0,0.61,0.0,76.94,57.0,41.29,59.0,13.62,133.0,26.0,16.0,3.73,2.9,7.68,1.0,3.0,11.0,45.0,2.0,1.0
8471774,20192020,Alex Stalock,MIN,G,5on4,38,12094.0,2.47,3.0,47.0,1.64,0.0,3.96,4.0,28.35,35.0,5.68,4.0,9.93,7.0,21.07,25.0,2.47,31.0,6.0,3.0,0.91,0.8,0.77,1.0,1.0,1.0,7.0,0.0,0.0
8476945,20192020,Connor Hellebuyck,WPG,G,other,58,4471.0,10.45,9.0,136.0,6.82,11.0,16.54,17.0,83.23,82.0,1.64,2.0,49.32,39.0,28.19,38.0,9.74,73.0,30.0,12.0,3.1,3.75,3.61,3.0,2.0,4.0,21.0,0.0,0.0
8476945,20192020,Connor Hellebuyck,WPG,G,all,58,196184.0,163.24,139.0,3131.0,124.03,157.0,404.53,335.0,1753.16,1792.0,51.77,48.0,991.96,819.0,713.86,956.0,156.97,1851.0,466.0,155.0,55.58,58.99,48.68,36.0,57.0,46.0,659.0,0.0,0.0
8476945,20192020,Connor Hellebuyck,WPG,G,5on5,58,164747.0,124.44,103.0,2565.0,97.54,120.0,340.12,281.0,1429.98,1456.0,41.06,35.0,799.78,666.0,589.37,791.0,120.34,1519.0,383.0,111.0,45.99,48.68,29.77,31.0,46.0,26.0,552.0,0.0,0.0
8476945,20192020,Connor Hellebuyck,WPG,G,4on5,58,12446.0,24.93,26.0,360.0,17.46,25.0,42.04,33.0,198.72,204.0,1.27,2.0,127.62,106.0,65.23,82.0,23.56,214.0,41.0,29.0,5.28,5.13,14.52,2.0,8.0,16.0,76.0,0.0,0.0
8476945,20192020,Connor Hellebuyck,WPG,G,5on4,58,14520.0,3.41,1.0,64.0,2.1,1.0,5.55,4.0,39.94,49.0,7.43,7.0,14.11,6.0,30.63,45.0,3.32,43.0,12.0,3.0,1.2,1.43,0.78,0.0,1.0,0.0,6.0,0.0,0.0
8471227,20192020,Devan Dubnyk,MIN,G,other,30,3291.0,5.42,6.0,84.0,2.96,3.0,7.82,6.0,40.78,41.0,0.79,1.0,24.5,21.0,13.85,20.0,5.14,37.0,12.0,7.0,1.73,1.55,2.14,2.0,2.0,2.0,28.0,0.0,0.0
8471227,20192020,Devan Dubnyk,MIN,G,all,30,99848.0,72.43,93.0,1526.0,55.93,59.0,192.05,183.0,820.01,846.0,25.77,33.0,467.1,332.0,335.78,448.0,70.21,892.0,184.0,74.0,24.53,22.27,25.63,29.0,34.0,30.0,376.0,2.0,1.0
8471227,20192020,Devan Dubnyk,MIN,G,5on5,30,81452.0,48.59,64.0,1195.0,41.2,40.0,156.54,158.0,640.3,655.0,21.67,29.0,363.75,242.0,269.27,365.0,47.19,718.0,133.0,49.0,18.78,15.98,13.84,23.0,25.0,16.0,295.0,0.0,0.0
8471227,20192020,Devan Dubnyk,MIN,G,4on5,30,7889.0,17.07,20.0,218.0,10.96,16.0,24.95,17.0,120.16,128.0,0.44,1.0,73.12,66.0,38.95,46.0,16.53,119.0,32.0,18.0,3.58,3.83,9.66,3.0,5.0,12.0,49.0,2.0,1.0
8471227,20192020,Devan Dubnyk,MIN,G,5on4,30,7216.0,1.25,2.0,27.0,0.75,0.0,2.62,2.0,18.02,21.0,2.88,2.0,5.37,3.0,13.4,17.0,1.25,18.0,6.0,0.0,0.45,0.8,0.0,1.0,1.0,0.0,3.0,0.0,0.0
8475883,20192020,Frederik Andersen,TOR,G,other,52,4400.0,9.07,3.0,137.0,5.24,4.0,13.18,15.0,70.33,73.0,1.42,2.0,43.13,41.0,25.21,26.0,6.63,70.0,20.0,10.0,2.79,2.24,4.03,1.0,1.0,1.0,37.0,0.0,0.0
8475883,20192020,Frederik Andersen,TOR,G,all,52,180421.0,130.75,145.0,2864.0,105.13,96.0,351.73,330.0,1539.62,1578.0,52.91,63.0,870.72,739.0,643.62,837.0,125.37,1722.0,381.0,111.0,49.12,46.36,35.28,56.0,51.0,38.0,650.0,0.0,0.0
8475883,20192020,Frederik Andersen,TOR,G,5on5,52,150333.0,98.89,109.0,2276.0,79.53,76.0,289.38,265.0,1226.4,1249.0,43.61,46.0,688.65,577.0,521.04,682.0,96.56,1362.0,320.0,75.0,39.17,39.49,20.23,43.0,44.0,22.0,519.0,0.0,0.0
8475883,20192020,Frederik Andersen,TOR,G,4on5,52,13737.0,17.02,28.0,368.0,17.6,13.0,41.25,45.0,189.74,199.0,1.22,1.0,122.0,105.0,62.27,83.0,16.52,237.0,27.0,18.0,5.43,2.98,8.59,9.0,5.0,14.0,86.0,0.0,0.0
8475883,20192020,Frederik Andersen,TOR,G,5on4,52,11951.0,4.52,4.0,63.0,2.12,2.0,5.45,5.0,40.7,47.0,6.25,14.0,12.58,12.0,28.52,36.0,4.43,43.0,9.0,7.0,1.39,1.06,2.08,2.0,1.0,1.0,4.0,0.0,0.0
8477465,20192020,Tristan Jarry,PIT,G,other,33,2872.0,4.78,3.0,74.0,2.94,3.0,8.0,8.0,40.44,42.0,1.05,1.0,23.26,19.0,15.62,19.0,4.53,36.0,14.0,6.0,1.26,1.76,1.76,2.0,0.0,1.0,18.0,0.0,0.0
8477465,20192020,Tristan Jarry,PIT,G,all,33,115577.0,78.66,79.0,1731.0,62.77,63.0,220.84,225.0,933.14,986.0,30.58,33.0,527.36,449.0,394.29,475.0,76.05,1031.0,213.0,80.0,27.26,25.55,25.86,28.0,30.0,21.0,407.0,0.0,0.0
8477465,20192020,Tristan Jarry,PIT,G,5on5,33,95429.0,57.46,59.0,1397.0,47.75,49.0,184.3,193.0,746.89,794.0,24.39,26.0,418.21,351.0,319.33,387.0,55.63,838.0,168.0,55.0,22.07,20.09,15.3,22.0,28.0,9.0,336.0,0.0,0.0
8477465,20192020,Tristan Jarry,PIT,G,4on5,33,9020.0,14.02,16.0,216.0,10.77,11.0,25.11,24.0,118.75,122.0,1.03,1.0,76.65,74.0,39.51,38.0,13.49,133.0,19.0,18.0,3.24,2.18,8.6,4.0,1.0,11.0,46.0,0.0,0.0
8477465,20192020,Tristan Jarry,PIT,G,5on4,33,8256.0,2.18,1.0,39.0,1.16,0.0,3.06,0.0,24.43,24.0,3.99,5.0,7.76,3.0,18.15,29.0,2.17,21.0,11.0,1.0,0.57,1.4,0.21,0.0,1.0,0.0,6.0,0.0,0.0
8476999,20192020,Linus Ullmark,BUF,G,other,34,3070.0,5.86,6.0,82.0,3.4,4.0,8.68,9.0,44.92,49.0,0.53,1.0,30.28,27.0,14.09,15.0,5.25,43.0,14.0,7.0,1.75,1.74,2.38,2.0,1.0,3.0,18.0,0.0,0.0
8476999,20192020,Linus Ullmark,BUF,G,all,34,121560.0,85.64,92.0,1783.0,69.87,61.0,224.28,255.0,996.14,1064.0,28.78,36.0,583.87,445.0,418.66,527.0,83.06,1100.0,244.0,72.0,32.34,29.7,23.59,25.0,37.0,30.0,367.0,4.0,2.0
8476999,20192020,Linus Ullmark,BUF,G,5on5,34,99309.0,59.02,58.0,1412.0,51.31,42.0,182.73,219.0,777.5,827.0,23.45,29.0,451.48,340.0,336.23,417.0,57.83,878.0,188.0,40.0,26.01,22.5,10.51,17.0,29.0,12.0,306.0,4.0,2.0
8476999,20192020,Linus Ullmark,BUF,G,4on5,34,9261.0,17.53,25.0,247.0,13.62,15.0,28.8,27.0,142.43,150.0,0.88,0.0,91.82,67.0,46.33,68.0,16.76,150.0,32.0,22.0,3.78,4.0,9.76,6.0,5.0,14.0,43.0,0.0,0.0
8476999,20192020,Linus Ullmark,BUF,G,5on4,34,9920.0,2.75,1.0,37.0,1.25,0.0,3.41,0.0,27.36,33.0,3.61,6.0,8.66,9.0,20.16,26.0,2.75,27.0,7.0,3.0,0.76,1.04,0.95,0.0,0.0,1.0,0.0,0.0,0.0
8474593,20192020,Jacob Markstrom,VAN,G,other,43,6499.0,6.62,6.0,123.0,4.45,3.0,11.53,16.0,59.78,68.0,1.61,1.0,34.15,31.0,22.55,27.0,6.36,55.0,24.0,6.0,2.45,2.63,1.54,0.0,6.0,0.0,38.0,0.0,0.0
8474593,20192020,Jacob Markstrom,VAN,G,all,43,153169.0,118.03,117.0,2529.0,94.31,108.0,305.43,344.0,1355.24,1409.0,42.01,50.0,761.07,542.0,556.33,714.0,114.64,1425.0,354.0,107.0,41.67,42.69,33.65,41.0,44.0,32.0,643.0,4.0,2.0
8474593,20192020,Jacob Markstrom,VAN,G,5on5,43,119642.0,87.76,86.0,1984.0,70.41,84.0,249.04,290.0,1070.03,1109.0,32.77,41.0,593.28,412.0,449.68,569.0,85.37,1141.0,268.0,79.0,33.3,32.58,21.88,37.0,31.0,18.0,496.0,4.0,2.0
8474593,20192020,Jacob Markstrom,VAN,G,4on5,43,13006.0,20.77,23.0,375.0,17.86,20.0,41.26,36.0,197.99,200.0,0.82,0.0,124.25,94.0,65.42,92.0,20.06,205.0,54.0,17.0,5.21,6.58,8.97,4.0,7.0,12.0,99.0,0.0,0.0
8474593,20192020,Jacob Markstrom,VAN,G,5on4,43,14022.0,2.79,2.0,44.0,1.53,1.0,3.23,2.0,25.85,31.0,6.58,7.0,8.79,5.0,17.87,24.0,2.76,22.0,8.0,5.0,0.62,0.9,1.27,0.0,0.0,2.0,9.0,0.0,0.0
8476876,20192020,Malcolm Subban,CHI,G,other,21,2982.0,4.62,5.0,59.0,2.5,3.0,6.2,5.0,31.55,32.0,0.78,2.0,16.46,17.0,12.14,15.0,4.28,23.0,19.0,4.0,0.99,2.43,1.2,0.0,5.0,0.0,13.0,0.0,0.0
8476876,20192020,Malcolm Subban,CHI,G,all,21,68055.0,54.47,60.0,1024.0,38.86,47.0,122.06,93.0,539.5,546.0,20.14,15.0,299.79,242.0,214.26,284.0,51.6,526.0,175.0,51.0,15.63,22.57,16.26,22.0,25.0,13.0,272.0,0.0,0.0
8476876,20192020,Malcolm Subban,CHI,G,5on5,21,55552.0,37.66,43.0,801.0,28.63,35.0,99.06,74.0,423.18,423.0,16.02,10.0,233.22,178.0,171.87,238.0,36.25,431.0,118.0,36.0,12.23,15.04,10.39,17.0,16.0,10.0,216.0,0.0,0.0
8476876,20192020,Malcolm Subban,CHI,G,4on5,21,4462.0,9.91,10.0,142.0,6.58,8.0,14.61,12.0,70.24,73.0,0.43,0.0,44.51,42.0,21.97,22.0,8.82,62.0,32.0,7.0,2.08,4.29,3.53,5.0,3.0,2.0,41.0,0.0,0.0
8476876,20192020,Malcolm Subban,CHI,G,5on4,21,5059.0,2.02,1.0,18.0,0.96,1.0,1.85,2.0,12.42,16.0,2.91,3.0,4.32,4.0,7.38,9.0,1.99,9.0,4.0,4.0,0.29,0.59,1.14,0.0,0.0,1.0,1.0,0.0,0.0
8476904,20192020,Chris Driedger,FLA,G,other,11,1237.0,3.32,3.0,43.0,1.29,1.0,3.35,0.0,19.0,21.0,0.42,0.0,10.12,10.0,7.27,12.0,2.87,15.0,7.0,4.0,0.61,0.91,1.8,1.0,0.0,2.0,17.0,0.0,0.0
8476904,20192020,Chris Driedger,FLA,G,all,11,34969.0,25.73,21.0,539.0,18.25,19.0,63.51,79.0,284.67,311.0,10.95,13.0,155.38,118.0,121.91,151.0,24.47,301.0,67.0,26.0,8.84,7.9,8.99,8.0,7.0,6.0,145.0,0.0,0.0
8476904,20192020,Chris Driedger,FLA,G,5on5,11,29333.0,18.25,15.0,424.0,14.07,15.0,52.43,72.0,228.04,249.0,9.22,11.0,125.46,93.0,99.44,117.0,17.56,248.0,52.0,17.0,7.4,6.06,4.79,7.0,7.0,1.0,107.0,0.0,0.0
8476904,20192020,Chris Driedger,FLA,G,4on5,11,2330.0,3.37,2.0,61.0,2.52,3.0,6.89,6.0,29.82,32.0,0.21,0.0,17.52,13.0,9.69,16.0,3.26,32.0,5.0,4.0,0.62,0.56,2.19,0.0,0.0,2.0,20.0,0.0,0.0
8476904,20192020,Chris Driedger,FLA,G,5on4,11,2069.0,0.79,1.0,11.0,0.37,0.0,0.83,1.0,7.81,9.0,1.1,2.0,2.29,2.0,5.51,6.0,0.78,6.0,3.0,1.0,0.21,0.36,0.22,0.0,0.0,1.0,1.0,0.0,0.0
8475215,20192020,Robin Lehner,VGK,G,other,36,2754.0,7.51,8.0,84.0,3.65,6.0,8.74,8.0,46.21,50.0,1.42,1.0,25.3,21.0,15.4,16.0,7.01,37.0,17.0,10.0,1.34,2.09,4.08,2.0,1.0,5.0,20.0,0.0,0.0
8475215,20192020,Robin Lehner,VGK,G,all,36,123330.0,101.31,99.0,2073.0,77.64,90.0,253.11,259.0,1115.7,1233.0,31.96,39.0,618.18,505.0,458.0,558.0,95.55,1175.0,270.0,102.0,33.15,32.66,35.49,30.0,33.0,36.0,526.0,4.0,2.0
8475215,20192020,Robin Lehner,VGK,G,5on5,36,100933.0,73.53,72.0,1657.0,58.66,67.0,208.62,212.0,882.12,970.0,25.37,33.0,486.33,395.0,368.57,451.0,70.99,944.0,213.0,68.0,27.22,25.96,20.34,22.0,30.0,20.0,432.0,4.0,2.0
8475215,20192020,Robin Lehner,VGK,G,4on5,36,10066.0,16.34,14.0,280.0,13.37,16.0,30.89,37.0,151.06,171.0,0.65,0.0,94.82,83.0,48.57,56.0,13.76,158.0,34.0,17.0,3.69,3.83,8.83,5.0,1.0,8.0,71.0,0.0,0.0
8475215,20192020,Robin Lehner,VGK,G,5on4,36,9577.0,3.28,5.0,48.0,1.78,1.0,4.65,2.0,34.56,40.0,4.49,5.0,11.01,5.0,25.23,34.0,3.24,36.0,5.0,6.0,0.9,0.64,1.75,1.0,1.0,3.0,1.0,0.0,0.0
8476899,20192020,Matt Murray,PIT,G,other,38,4020.0,7.08,10.0,101.0,4.58,4.0,11.56,10.0,59.87,60.0,1.56,0.0,33.54,24.0,23.24,32.0,6.87,48.0,26.0,8.0,1.92,2.96,2.2,2.0,6.0,2.0,19.0,0.0,0.0
8476899,20192020,Matt Murray,PIT,G,all,38,134484.0,86.45,107.0,1896.0,69.01,69.0,236.65,243.0,1017.07,1055.0,37.8,38.0,563.31,450.0,425.34,521.0,83.93,1075.0,247.0,92.0,30.93,29.25,26.27,43.0,39.0,25.0,482.0,2.0,1.0
8476899,20192020,Matt Murray,PIT,G,5on5,38,110307.0,64.49,80.0,1529.0,52.16,48.0,195.1,198.0,811.11,837.0,30.12,32.0,447.27,366.0,341.6,417.0,62.7,883.0,179.0,65.0,25.51,21.59,17.38,38.0,26.0,16.0,402.0,2.0,1.0
8476899,20192020,Matt Murray,PIT,G,4on5,38,8809.0,11.85,13.0,213.0,10.52,17.0,25.42,32.0,113.86,121.0,0.62,0.0,71.27,54.0,37.09,40.0,11.33,113.0,32.0,15.0,2.66,3.39,5.79,2.0,5.0,6.0,53.0,0.0,0.0
8476899,20192020,Matt Murray,PIT,G,5on4,38,11348.0,2.93,3.0,49.0,1.69,0.0,4.29,3.0,30.97,35.0,5.31,5.0,10.49,6.0,22.63,31.0,2.93,30.0,9.0,4.0,0.82,1.21,0.9,1.0,1.0,1.0,6.0,0.0,0.0
8479394,20192020,Carter Hart,PHI,G,other,42,4207.0,4.57,3.0,73.0,3.2,4.0,7.19,7.0,39.2,36.0,0.78,2.0,23.91,15.0,12.84,23.0,4.42,37.0,11.0,5.0,1.74,1.28,1.54,1.0,0.0,2.0,20.0,0.0,0.0
8479394,20192020,Carter Hart,PHI,G,all,42,140341.0,99.88,93.0,2000.0,75.62,98.0,252.28,287.0,1095.27,1088.0,36.84,31.0,598.1,437.0,453.11,571.0,97.22,1115.0,298.0,102.0,32.29,35.6,31.99,30.0,36.0,27.0,485.0,0.0,0.0
8479394,20192020,Carter Hart,PHI,G,5on5,42,114197.0,78.28,70.0,1631.0,58.73,78.0,212.14,245.0,887.14,881.0,29.76,23.0,482.74,357.0,367.84,453.0,76.01,893.0,260.0,76.0,26.06,31.03,21.2,23.0,31.0,16.0,402.0,0.0,0.0
8479394,20192020,Carter Hart,PHI,G,4on5,42,10348.0,11.46,18.0,215.0,10.97,12.0,25.9,29.0,118.98,116.0,1.02,0.0,74.08,46.0,39.58,59.0,11.33,138.0,16.0,12.0,2.91,1.98,6.58,5.0,5.0,8.0,49.0,0.0,0.0
8479394,20192020,Carter Hart,PHI,G,5on4,42,11589.0,4.54,2.0,60.0,2.04,4.0,4.99,4.0,38.89,46.0,5.05,6.0,11.98,11.0,27.34,31.0,4.45,35.0,9.0,8.0,1.01,1.06,2.47,1.0,0.0,1.0,8.0,0.0,0.0
8480213,20192020,Gilles Senn,N.J,G,other,2,278.0,0.13,0.0,2.0,0.08,0.0,0.1,0.0,0.7,1.0,0.06,0.0,0.31,1.0,0.35,0.0,0.13,0.0,1.0,0.0,0.0,0.13,0.0,0.0,0.0,0.0,1.0,0.0,0.0
8480213,20192020,Gilles Senn,N.J,G,all,2,4205.0,3.26,4.0,59.0,2.77,5.0,8.37,6.0,35.79,41.0,0.86,0.0,21.16,17.0,14.18,16.0,3.13,38.0,10.0,3.0,1.35,1.11,0.81,3.0,1.0,0.0,8.0,0.0,0.0
8480213,20192020,Gilles Senn,N.J,G,5on5,2,3364.0,2.46,4.0,48.0,2.12,4.0,7.15,5.0,29.58,34.0,0.59,0.0,17.45,12.0,11.77,14.0,2.35,33.0,7.0,2.0,1.1,0.76,0.6,3.0,1.0,0.0,6.0,0.0,0.0
8480213,20192020,Gilles Senn,N.J,G,4on5,2,293.0,0.67,0.0,9.0,0.57,1.0,1.12,1.0,5.52,6.0,0.06,0.0,3.4,4.0,2.06,2.0,0.64,5.0,2.0,1.0,0.25,0.22,0.21,0.0,0.0,0.0,1.0,0.0,0.0
8480213,20192020,Gilles Senn,N.J,G,5on4,2,270.0,0.0,0.0,0.0,0.0,0.0,0.0,0.0,0.0,0.0,0.08,0.0,0.0,0.0,0.0,0.0,0.0,0.0,0.0,0.0,0.0,0.0,0.0,0.0,0.0,0.0,0.0,0.0,0.0
8479530,20192020,Adam Werner,COL,G,other,2,30.0,0.0,0.0,0.0,0.0,0.0,0.0,0.0,0.0,0.0,0.0,0.0,0.0,0.0,0.0,0.0,0.0,0.0,0.0,0.0,0.0,0.0,0.0,0.0,0.0,0.0,0.0,0.0,0.0
8479530,20192020,Adam Werner,COL,G,all,2,5270.0,4.02,5.0,94.0,3.7,1.0,11.34,12.0,49.58,58.0,1.2,1.0,30.13,27.0,20.24,26.0,3.94,54.0,16.0,1.0,1.88,1.83,0.3,4.0,0.0,1.0,23.0,0.0,0.0
8479530,20192020,Adam Werner,COL,G,5on5,2,4275.0,2.83,2.0,70.0,2.45,1.0,8.44,10.0,34.39,39.0,0.93,1.0,20.21,15.0,13.94,21.0,2.8,36.0,12.0,1.0,1.07,1.45,0.3,1.0,0.0,1.0,21.0,0.0,0.0
8479530,20192020,Adam Werner,COL,G,4on5,2,452.0,1.07,3.0,20.0,1.13,0.0,2.5,1.0,12.38,15.0,0.02,0.0,8.96,12.0,3.97,2.0,1.02,14.0,4.0,0.0,0.69,0.38,0.0,3.0,0.0,0.0,2.0,0.0,0.0
8479530,20192020,Adam Werner,COL,G,5on4,2,513.0,0.12,0.0,4.0,0.12,0.0,0.4,1.0,2.82,4.0,0.24,0.0,0.96,0.0,2.32,3.0,0.12,4.0,0.0,0.0,0.12,0.0,0.0,0.0,0.0,0.0,0.0,0.0,0.0
8468011,20192020,Ryan Miller,ANA,G,other,23,3479.0,5.88,7.0,84.0,3.3,2.0,8.46,8.0,44.37,51.0,0.44,1.0,26.29,25.0,16.7,20.0,5.8,46.0,13.0,6.0,1.82,1.57,2.5,3.0,0.0,4.0,19.0,0.0,0.0
8468011,20192020,Ryan Miller,ANA,G,all,23,72474.0,57.84,63.0,1192.0,45.99,56.0,154.7,161.0,654.86,679.0,19.0,20.0,375.39,301.0,268.9,334.0,56.0,715.0,163.0,51.0,21.26,19.79,16.78,25.0,19.0,19.0,263.0,0.0,0.0
8468011,20192020,Ryan Miller,ANA,G,5on5,23,58464.0,38.65,38.0,921.0,33.66,43.0,124.58,125.0,507.03,508.0,16.08,17.0,289.63,235.0,215.22,269.0,37.61,574.0,118.0,28.0,16.7,14.33,7.62,16.0,15.0,7.0,201.0,0.0,0.0
8468011,20192020,Ryan Miller,ANA,G,4on5,23,6006.0,11.56,16.0,163.0,8.31,11.0,19.77,25.0,90.67,104.0,0.7,0.0,55.48,39.0,28.78,35.0,10.84,85.0,28.0,14.0,2.44,3.37,5.75,5.0,4.0,7.0,36.0,0.0,0.0
8468011,20192020,Ryan Miller,ANA,G,5on4,23,4525.0,1.63,2.0,23.0,0.69,0.0,1.72,3.0,12.0,15.0,1.77,2.0,3.73,2.0,7.82,9.0,1.63,10.0,3.0,3.0,0.29,0.42,0.92,1.0,0.0,1.0,7.0,0.0,0.0
8470880,20192020,Brian Elliott,PHI,G,other,31,2244.0,5.07,3.0,63.0,2.83,3.0,6.82,8.0,37.16,40.0,1.28,2.0,20.47,17.0,13.46,19.0,4.85,27.0,19.0,4.0,0.97,2.45,1.66,1.0,0.0,2.0,13.0,0.0,0.0
8470880,20192020,Brian Elliott,PHI,G,all,31,101620.0,73.42,80.0,1402.0,53.31,73.0,177.02,208.0,775.69,796.0,27.12,29.0,419.96,289.0,314.21,394.0,70.35,768.0,230.0,70.0,23.14,27.95,22.32,30.0,32.0,18.0,334.0,2.0,1.0
8470880,20192020,Brian Elliott,PHI,G,5on5,31,82468.0,52.8,58.0,1132.0,40.79,51.0,147.2,178.0,621.42,635.0,21.27,23.0,338.34,229.0,255.0,319.0,51.27,644.0,164.0,49.0,18.85,19.66,14.28,21.0,25.0,12.0,275.0,2.0,1.0
8470880,20192020,Brian Elliott,PHI,G,4on5,31,8557.0,12.34,15.0,167.0,8.24,15.0,19.47,20.0,91.07,91.0,0.9,1.0,52.89,36.0,27.87,36.0,11.1,76.0,34.0,14.0,2.55,4.17,5.63,4.0,7.0,4.0,43.0,0.0,0.0
8470880,20192020,Brian Elliott,PHI,G,5on4,31,8351.0,2.93,2.0,35.0,1.3,4.0,3.13,2.0,24.28,28.0,3.58,3.0,7.22,6.0,16.71,18.0,2.86,16.0,13.0,3.0,0.49,1.67,0.76,2.0,0.0,0.0,3.0,0.0,0.0
8480051,20192020,Cayden Primeau,MTL,G,other,2,118.0,0.08,0.0,1.0,0.07,0.0,0.12,0.0,0.67,0.0,0.1,0.0,0.53,1.0,0.18,0.0,0.08,1.0,0.0,0.0,0.08,0.0,0.0,0.0,0.0,0.0,0.0,0.0,0.0
8480051,20192020,Cayden Primeau,MTL,G,all,2,7154.0,5.0,5.0,129.0,4.55,4.0,16.89,19.0,69.12,72.0,1.95,0.0,39.69,38.0,28.61,28.0,4.83,82.0,10.0,5.0,1.74,1.34,1.91,1.0,1.0,3.0,32.0,0.0,0.0
8480051,20192020,Cayden Primeau,MTL,G,5on5,2,5693.0,3.53,3.0,95.0,3.21,4.0,13.22,14.0,51.69,54.0,1.49,0.0,28.74,29.0,21.55,20.0,3.37,59.0,10.0,3.0,1.4,1.34,0.79,0.0,1.0,2.0,23.0,0.0,0.0
8480051,20192020,Cayden Primeau,MTL,G,4on5,2,811.0,1.3,1.0,28.0,1.18,0.0,2.96,4.0,13.72,15.0,0.06,0.0,9.56,8.0,4.58,6.0,1.3,18.0,0.0,2.0,0.18,0.0,1.12,0.0,0.0,1.0,8.0,0.0,0.0
8480051,20192020,Cayden Primeau,MTL,G,5on4,2,532.0,0.08,1.0,5.0,0.09,0.0,0.58,1.0,3.03,3.0,0.3,0.0,0.86,0.0,2.29,2.0,0.08,4.0,0.0,0.0,0.08,0.0,0.0,1.0,0.0,0.0,1.0,0.0,0.0
8479288,20192020,Kasimir Kaskisuo,TOR,G,other,1,5.0,0.0,0.0,1.0,0.0,0.0,0.0,0.0,0.0,0.0,0.0,0.0,0.0,0.0,0.0,0.0,0.0,0.0,0.0,0.0,0.0,0.0,0.0,0.0,0.0,0.0,1.0,0.0,0.0
8479288,20192020,Kasimir Kaskisuo,TOR,G,all,1,3600.0,2.78,6.0,50.0,2.42,2.0,8.37,7.0,33.16,38.0,1.07,3.0,17.52,14.0,12.85,16.0,2.71,32.0,11.0,2.0,1.0,1.3,0.47,2.0,2.0,2.0,5.0,0.0,0.0
8479288,20192020,Kasimir Kaskisuo,TOR,G,5on5,1,3243.0,1.86,4.0,38.0,1.63,0.0,6.64,7.0,26.23,30.0,0.92,3.0,14.14,12.0,10.9,13.0,1.85,27.0,9.0,0.0,0.81,1.06,0.0,2.0,2.0,0.0,2.0,0.0,0.0
8479288,20192020,Kasimir Kaskisuo,TOR,G,4on5,1,112.0,0.67,1.0,10.0,0.71,2.0,1.62,0.0,6.03,7.0,0.0,0.0,3.16,2.0,1.61,3.0,0.62,5.0,2.0,1.0,0.2,0.25,0.23,0.0,0.0,1.0,2.0,0.0,0.0
8479288,20192020,Kasimir Kaskisuo,TOR,G,5on4,1,240.0,0.25,1.0,1.0,0.08,0.0,0.11,0.0,0.9,1.0,0.15,0.0,0.22,0.0,0.33,0.0,0.25,0.0,0.0,1.0,0.0,0.0,0.25,0.0,0.0,1.0,0.0,0.0,0.0
8476861,20192020,Oscar Dansk,VGK,G,other,1,184.0,0.1,0.0,2.0,0.14,0.0,0.26,0.0,1.58,2.0,0.18,0.0,0.86,0.0,0.6,2.0,0.1,2.0,0.0,0.0,0.1,0.0,0.0,0.0,0.0,0.0,0.0,0.0,0.0
8476861,20192020,Oscar Dansk,VGK,G,all,1,3600.0,2.75,6.0,61.0,2.46,2.0,7.82,6.0,36.18,37.0,1.09,0.0,20.6,14.0,15.25,20.0,2.71,39.0,11.0,0.0,1.39,1.37,0.0,2.0,4.0,0.0,11.0,0.0,0.0
8476861,20192020,Oscar Dansk,VGK,G,5on5,1,2638.0,2.04,4.0,48.0,1.75,2.0,6.03,4.0,27.42,27.0,0.73,0.0,15.13,11.0,12.18,16.0,2.01,30.0,8.0,0.0,0.97,1.07,0.0,2.0,2.0,0.0,10.0,0.0,0.0
8476861,20192020,Oscar Dansk,VGK,G,4on5,1,457.0,0.61,2.0,11.0,0.56,0.0,1.53,2.0,7.19,8.0,0.03,0.0,4.61,3.0,2.46,2.0,0.6,7.0,3.0,0.0,0.32,0.3,0.0,0.0,2.0,0.0,1.0,0.0,0.0
8476861,20192020,Oscar Dansk,VGK,G,5on4,1,321.0,0.0,0.0,0.0,0.0,0.0,0.0,0.0,0.0,0.0,0.15,0.0,0.0,0.0,0.0,0.0,0.0,0.0,0.0,0.0,0.0,0.0,0.0,0.0,0.0,0.0,0.0,0.0,0.0
8471239,20192020,Cory Schneider,N.J,G,other,13,782.0,0.89,2.0,16.0,0.53,1.0,2.13,2.0,8.86,9.0,0.21,0.0,4.66,5.0,3.51,2.0,0.83,10.0,1.0,1.0,0.41,0.11,0.38,1.0,0.0,1.0,4.0,0.0,0.0
8471239,20192020,Cory Schneider,N.J,G,all,13,40756.0,32.56,41.0,642.0,23.83,32.0,79.5,84.0,345.15,355.0,11.02,7.0,194.61,162.0,140.86,158.0,31.27,354.0,101.0,29.0,10.99,12.1,9.47,14.0,17.0,10.0,158.0,0.0,0.0
8471239,20192020,Cory Schneider,N.J,G,5on5,13,32137.0,24.02,29.0,525.0,18.54,26.0,65.92,67.0,277.67,283.0,8.75,6.0,156.57,128.0,114.46,133.0,23.13,292.0,77.0,21.0,8.9,9.4,5.72,12.0,11.0,6.0,135.0,0.0,0.0
8471239,20192020,Cory Schneider,N.J,G,4on5,13,3494.0,6.2,8.0,81.0,4.02,4.0,9.37,12.0,46.27,49.0,0.42,0.0,29.1,26.0,14.9,15.0,5.87,41.0,19.0,5.0,1.37,2.11,2.73,1.0,4.0,3.0,16.0,0.0,0.0
8471239,20192020,Cory Schneider,N.J,G,5on4,13,4343.0,1.12,1.0,17.0,0.55,0.0,1.5,2.0,10.06,11.0,1.64,1.0,3.32,3.0,7.14,8.0,1.11,10.0,2.0,2.0,0.28,0.2,0.64,0.0,1.0,0.0,3.0,0.0,0.0
8474889,20192020,Martin Jones,S.J,G,other,41,3706.0,4.33,5.0,93.0,3.51,2.0,9.26,11.0,47.07,46.0,1.01,2.0,27.82,19.0,18.67,30.0,4.27,47.0,17.0,3.0,1.64,1.98,0.7,3.0,1.0,1.0,26.0,0.0,0.0
8474889,20192020,Martin Jones,S.J,G,all,41,140350.0,100.89,118.0,2091.0,82.14,102.0,256.57,226.0,1128.64,1140.0,37.46,37.0,627.82,462.0,458.48,629.0,97.53,1142.0,332.0,93.0,32.5,41.09,27.29,46.0,44.0,28.0,524.0,0.0,0.0
8474889,20192020,Martin Jones,S.J,G,5on5,41,112730.0,75.5,94.0,1610.0,58.94,74.0,203.87,174.0,864.11,864.0,29.99,29.0,471.88,343.0,355.46,489.0,73.01,881.0,243.0,72.0,25.32,30.32,19.87,39.0,38.0,17.0,414.0,0.0,0.0
8474889,20192020,Martin Jones,S.J,G,4on5,41,13681.0,17.16,16.0,330.0,17.43,23.0,38.32,37.0,180.18,191.0,1.09,1.0,115.54,88.0,60.25,85.0,16.49,185.0,56.0,14.0,4.78,6.74,5.64,3.0,4.0,9.0,75.0,0.0,0.0
8474889,20192020,Martin Jones,S.J,G,5on4,41,10233.0,3.3,3.0,47.0,1.77,3.0,3.83,4.0,30.83,34.0,5.3,5.0,9.14,8.0,21.11,22.0,3.18,24.0,12.0,4.0,0.65,1.56,1.09,1.0,1.0,1.0,7.0,0.0,0.0
8475831,20192020,Philipp Grubauer,COL,G,other,36,3892.0,7.51,11.0,125.0,4.91,4.0,13.48,15.0,66.04,71.0,1.6,2.0,40.46,35.0,24.4,27.0,7.08,69.0,17.0,9.0,2.91,1.75,2.86,6.0,3.0,2.0,30.0,0.0,0.0
8475831,20192020,Philipp Grubauer,COL,G,all,36,123382.0,91.71,90.0,1912.0,69.71,98.0,241.31,264.0,1022.65,1067.0,34.52,30.0,574.12,393.0,416.57,543.0,88.27,1080.0,256.0,96.0,29.88,30.22,31.6,29.0,34.0,27.0,480.0,0.0,0.0
8475831,20192020,Philipp Grubauer,COL,G,5on5,36,98660.0,61.91,53.0,1474.0,51.0,74.0,193.31,220.0,789.9,815.0,27.32,21.0,439.2,282.0,330.11,440.0,59.41,849.0,197.0,58.0,22.76,23.36,15.79,18.0,24.0,11.0,370.0,0.0,0.0
8475831,20192020,Philipp Grubauer,COL,G,4on5,36,9968.0,19.51,21.0,273.0,12.17,20.0,30.39,26.0,139.7,149.0,0.72,1.0,84.69,71.0,42.31,50.0,19.0,135.0,34.0,25.0,3.48,4.15,11.88,4.0,5.0,12.0,79.0,0.0,0.0
8475831,20192020,Philipp Grubauer,COL,G,5on4,36,10862.0,2.77,5.0,40.0,1.63,0.0,4.12,3.0,27.02,32.0,4.88,6.0,9.75,5.0,19.76,26.0,2.77,27.0,8.0,4.0,0.74,0.96,1.07,1.0,2.0,2.0,1.0,0.0,0.0
8478406,20192020,Mackenzie Blackwood,N.J,G,other,47,7156.0,10.27,9.0,124.0,4.53,3.0,12.08,11.0,66.5,66.0,1.42,2.0,35.8,28.0,24.24,34.0,9.74,54.0,21.0,14.0,2.05,2.71,5.52,2.0,4.0,3.0,35.0,0.0,0.0
8478406,20192020,Mackenzie Blackwood,N.J,G,all,47,161010.0,131.89,124.0,2669.0,93.95,95.0,325.22,353.0,1439.45,1451.0,43.56,57.0,790.78,601.0,596.64,756.0,126.46,1459.0,409.0,121.0,42.28,48.68,40.93,49.0,38.0,37.0,680.0,0.0,0.0
8478406,20192020,Mackenzie Blackwood,N.J,G,5on5,47,128086.0,94.8,85.0,2168.0,73.35,77.0,271.83,299.0,1156.1,1152.0,32.93,45.0,637.36,486.0,483.9,604.0,92.05,1199.0,324.0,78.0,35.1,38.61,21.09,39.0,28.0,18.0,567.0,0.0,0.0
8478406,20192020,Mackenzie Blackwood,N.J,G,4on5,47,12462.0,21.27,23.0,287.0,13.08,12.0,32.0,38.0,159.94,171.0,1.52,0.0,96.93,72.0,52.68,75.0,19.23,155.0,43.0,24.0,3.37,4.88,13.03,5.0,4.0,14.0,65.0,0.0,0.0
8478406,20192020,Mackenzie Blackwood,N.J,G,5on4,47,13306.0,3.87,6.0,54.0,1.82,3.0,5.02,4.0,36.48,41.0,7.15,9.0,11.53,6.0,25.63,29.0,3.77,30.0,14.0,5.0,0.92,1.65,1.3,2.0,2.0,2.0,5.0,0.0,0.0
8474651,20192020,Braden Holtby,WSH,G,other,48,5094.0,8.99,7.0,132.0,5.66,5.0,13.79,15.0,71.19,68.0,2.2,4.0,41.76,32.0,26.34,38.0,8.76,64.0,24.0,11.0,2.26,3.3,3.43,1.0,2.0,4.0,33.0,0.0,0.0
8474651,20192020,Braden Holtby,WSH,G,all,48,164719.0,124.79,142.0,2504.0,94.92,109.0,314.11,351.0,1357.54,1381.0,46.85,58.0,757.94,581.0,556.16,675.0,119.26,1388.0,379.0,127.0,37.96,45.95,40.88,40.0,61.0,41.0,610.0,4.0,2.0
8474651,20192020,Braden Holtby,WSH,G,5on5,48,130666.0,90.63,103.0,1933.0,71.07,79.0,255.83,294.0,1064.95,1086.0,36.3,49.0,589.81,445.0,442.53,538.0,87.37,1095.0,304.0,87.0,30.18,36.4,24.06,32.0,50.0,21.0,447.0,4.0,2.0
8474651,20192020,Braden Holtby,WSH,G,4on5,48,15312.0,20.7,27.0,369.0,15.79,22.0,37.65,36.0,176.26,177.0,1.22,0.0,110.04,90.0,57.82,66.0,18.84,188.0,38.0,22.0,4.45,4.65,11.59,6.0,8.0,13.0,121.0,0.0,0.0
8474651,20192020,Braden Holtby,WSH,G,5on4,48,13647.0,3.9,4.0,55.0,1.94,3.0,5.31,4.0,37.81,42.0,6.93,5.0,12.43,9.0,26.14,31.0,3.74,34.0,10.0,7.0,0.86,1.24,1.8,0.0,1.0,3.0,4.0,0.0,0.0
8470645,20192020,Corey Crawford,CHI,G,other,40,2557.0,5.49,5.0,78.0,3.8,4.0,9.58,10.0,46.72,53.0,1.24,1.0,25.43,21.0,17.9,24.0,5.28,49.0,8.0,7.0,1.48,0.96,3.05,1.0,0.0,4.0,14.0,0.0,1.0
8470645,20192020,Corey Crawford,CHI,G,all,40,140405.0,112.02,109.0,2216.0,86.98,92.0,279.61,280.0,1219.36,1296.0,38.43,43.0,675.43,537.0,492.17,627.0,108.38,1239.0,345.0,103.0,36.77,42.57,32.67,46.0,40.0,23.0,529.0,0.0,1.0
8470645,20192020,Corey Crawford,CHI,G,5on5,40,117313.0,87.41,80.0,1830.0,68.76,79.0,236.09,233.0,1002.08,1064.0,31.43,38.0,552.04,432.0,407.11,526.0,84.58,1016.0,292.0,77.0,29.87,36.07,21.47,38.0,32.0,10.0,445.0,0.0,0.0
8470645,20192020,Corey Crawford,CHI,G,4on5,40,9705.0,15.97,21.0,265.0,12.75,8.0,29.85,35.0,141.67,145.0,0.8,0.0,88.17,73.0,47.76,56.0,15.41,147.0,37.0,15.0,4.59,4.42,6.96,6.0,7.0,8.0,66.0,0.0,0.0
8470645,20192020,Corey Crawford,CHI,G,5on4,40,10830.0,2.72,3.0,37.0,1.39,1.0,3.24,1.0,24.54,30.0,4.86,4.0,7.48,8.0,17.41,19.0,2.71,23.0,6.0,4.0,0.67,0.86,1.19,1.0,1.0,1.0,4.0,0.0,0.0
8471469,20192020,Pekka Rinne,NSH,G,other,36,2792.0,5.2,6.0,76.0,2.76,2.0,7.72,8.0,41.55,41.0,1.45,1.0,23.36,20.0,16.47,20.0,4.98,36.0,17.0,5.0,1.33,1.96,1.91,2.0,2.0,2.0,18.0,0.0,0.0
8471469,20192020,Pekka Rinne,NSH,G,all,36,118067.0,87.72,105.0,1859.0,67.86,58.0,223.71,252.0,996.77,1004.0,35.52,35.0,558.08,429.0,415.77,504.0,84.99,1053.0,253.0,81.0,29.4,30.72,27.59,43.0,27.0,35.0,472.0,0.0,0.0
8471469,20192020,Pekka Rinne,NSH,G,5on5,36,95544.0,62.68,65.0,1505.0,52.59,46.0,186.39,218.0,803.04,805.0,28.22,30.0,447.24,334.0,340.85,420.0,61.21,867.0,199.0,50.0,24.68,23.97,14.03,34.0,18.0,13.0,389.0,0.0,0.0
8471469,20192020,Pekka Rinne,NSH,G,4on5,36,9185.0,18.03,29.0,239.0,11.31,9.0,26.15,25.0,130.57,135.0,0.79,0.0,79.76,71.0,43.51,45.0,16.99,127.0,31.0,25.0,2.61,4.04,11.38,4.0,5.0,20.0,56.0,0.0,0.0
8471469,20192020,Pekka Rinne,NSH,G,5on4,36,10546.0,1.46,4.0,34.0,1.0,1.0,2.87,0.0,18.7,20.0,4.99,4.0,6.18,3.0,13.71,18.0,1.45,20.0,5.0,1.0,0.61,0.57,0.27,3.0,1.0,0.0,8.0,0.0,0.0
8476316,20192020,Laurent Brossoit,WPG,G,other,19,2101.0,1.78,5.0,17.0,0.66,0.0,1.77,1.0,9.93,12.0,0.44,1.0,5.98,4.0,3.48,4.0,1.76,7.0,4.0,3.0,0.21,0.43,1.14,1.0,1.0,3.0,3.0,0.0,0.0
8476316,20192020,Laurent Brossoit,WPG,G,all,19,59311.0,53.89,55.0,931.0,36.13,43.0,115.76,106.0,516.53,512.0,16.63,14.0,285.64,206.0,210.59,286.0,51.32,496.0,169.0,54.0,14.17,20.38,19.34,10.0,19.0,26.0,212.0,0.0,0.0
8476316,20192020,Laurent Brossoit,WPG,G,5on5,19,49235.0,39.04,39.0,779.0,29.22,38.0,99.69,88.0,425.41,418.0,13.56,11.0,237.27,164.0,175.61,245.0,37.69,419.0,140.0,36.0,11.87,16.82,10.36,7.0,16.0,16.0,184.0,0.0,0.0
8476316,20192020,Laurent Brossoit,WPG,G,4on5,19,3299.0,10.42,10.0,105.0,5.0,4.0,11.05,14.0,58.2,59.0,0.17,0.0,34.74,35.0,17.99,17.0,9.26,54.0,13.0,14.0,1.54,1.51,7.36,2.0,1.0,7.0,24.0,0.0,0.0
8476316,20192020,Laurent Brossoit,WPG,G,5on4,19,4676.0,2.08,1.0,21.0,0.85,1.0,2.02,2.0,16.05,18.0,2.3,2.0,4.52,2.0,10.04,13.0,2.04,10.0,9.0,1.0,0.3,1.3,0.48,0.0,1.0,0.0,1.0,0.0,0.0
8478470,20192020,Sam Montembeault,FLA,G,other,14,607.0,0.46,1.0,17.0,0.43,0.0,1.79,2.0,8.21,10.0,0.1,0.0,4.5,5.0,3.53,2.0,0.46,10.0,1.0,0.0,0.33,0.14,0.0,0.0,1.0,0.0,6.0,0.0,0.0
8478470,20192020,Sam Montembeault,FLA,G,all,14,42046.0,27.86,39.0,639.0,22.81,19.0,77.27,72.0,346.07,355.0,12.24,16.0,200.88,148.0,151.24,197.0,27.25,392.0,81.0,19.0,11.72,9.72,6.42,20.0,12.0,7.0,147.0,0.0,0.0
8478470,20192020,Sam Montembeault,FLA,G,5on5,14,35092.0,20.22,30.0,504.0,17.44,15.0,61.6,52.0,269.27,273.0,9.76,10.0,157.44,112.0,118.99,162.0,19.89,307.0,66.0,12.0,9.04,7.98,3.19,18.0,9.0,3.0,119.0,0.0,0.0
8478470,20192020,Sam Montembeault,FLA,G,4on5,14,2787.0,5.69,8.0,87.0,3.92,4.0,10.26,15.0,48.3,48.0,0.24,1.0,30.48,22.0,15.97,17.0,5.43,52.0,10.0,6.0,1.54,1.15,3.0,2.0,2.0,4.0,19.0,0.0,0.0
8478470,20192020,Sam Montembeault,FLA,G,5on4,14,3560.0,0.66,0.0,13.0,0.34,0.0,1.21,1.0,8.46,10.0,1.87,4.0,2.85,1.0,6.66,10.0,0.66,9.0,2.0,1.0,0.17,0.27,0.23,0.0,0.0,0.0,1.0,0.0,0.0
8476341,20192020,Anton Forsberg,CAR,G,other,3,92.0,0.04,0.0,1.0,0.09,0.0,0.16,1.0,0.62,1.0,0.02,0.0,0.55,0.0,0.14,0.0,0.04,1.0,0.0,0.0,0.04,0.0,0.0,0.0,0.0,0.0,0.0,0.0,0.0
8476341,20192020,Anton Forsberg,CAR,G,all,3,8589.0,5.75,8.0,130.0,4.54,9.0,17.07,17.0,70.28,78.0,3.18,4.0,39.63,31.0,28.73,27.0,5.48,74.0,19.0,5.0,1.89,2.35,1.5,2.0,3.0,3.0,32.0,0.0,0.0
8476341,20192020,Anton Forsberg,CAR,G,5on5,3,6965.0,5.49,8.0,111.0,3.94,9.0,15.43,16.0,63.46,68.0,2.42,3.0,34.68,27.0,26.42,22.0,5.22,65.0,18.0,5.0,1.77,2.22,1.5,2.0,3.0,3.0,23.0,0.0,0.0
8476341,20192020,Anton Forsberg,CAR,G,4on5,3,748.0,0.22,0.0,17.0,0.52,0.0,1.48,0.0,6.21,9.0,0.06,0.0,4.39,4.0,2.18,5.0,0.22,8.0,1.0,0.0,0.08,0.14,0.0,0.0,0.0,0.0,8.0,0.0,0.0
8476341,20192020,Anton Forsberg,CAR,G,5on4,3,784.0,0.0,0.0,0.0,0.0,0.0,0.0,0.0,0.0,0.0,0.68,1.0,0.0,0.0,0.0,0.0,0.0,0.0,0.0,0.0,0.0,0.0,0.0,0.0,0.0,0.0,0.0,0.0,0.0
8471695,20192020,Tuukka Rask,BOS,G,other,41,4293.0,10.19,4.0,126.0,5.29,4.0,12.21,20.0,65.55,70.0,1.63,0.0,39.88,42.0,23.28,27.0,9.68,63.0,20.0,14.0,2.42,2.28,5.5,3.0,0.0,1.0,29.0,0.0,0.0
8471695,20192020,Tuukka Rask,BOS,G,all,41,144107.0,102.68,85.0,2147.0,79.3,78.0,268.09,265.0,1174.78,1190.0,40.86,38.0,659.37,518.0,490.44,665.0,99.19,1277.0,278.0,89.0,35.94,33.35,33.39,35.0,25.0,25.0,503.0,0.0,0.0
8471695,20192020,Tuukka Rask,BOS,G,5on5,41,114909.0,61.81,52.0,1621.0,55.48,54.0,212.7,201.0,876.75,875.0,30.81,34.0,493.78,386.0,371.67,508.0,60.41,978.0,214.0,33.0,27.15,25.48,9.2,27.0,19.0,6.0,396.0,0.0,0.0
8471695,20192020,Tuukka Rask,BOS,G,4on5,41,12634.0,23.87,21.0,316.0,15.58,17.0,35.43,41.0,174.96,183.0,1.26,0.0,108.04,76.0,57.3,84.0,22.53,186.0,30.0,31.0,4.91,3.63,15.34,4.0,4.0,13.0,69.0,0.0,0.0
8471695,20192020,Tuukka Rask,BOS,G,5on4,41,12271.0,5.16,5.0,73.0,2.44,2.0,6.23,3.0,50.13,54.0,6.93,4.0,15.28,11.0,35.5,44.0,5.13,47.0,11.0,8.0,1.37,1.48,2.32,1.0,1.0,3.0,7.0,0.0,0.0
8470657,20192020,Jimmy Howard,DET,G,other,27,1498.0,5.59,6.0,40.0,1.94,2.0,4.85,7.0,26.51,31.0,0.51,3.0,13.12,6.0,7.68,13.0,5.21,18.0,6.0,10.0,0.81,0.72,4.06,4.0,0.0,2.0,6.0,0.0,0.0
8470657,20192020,Jimmy Howard,DET,G,all,27,82276.0,71.39,97.0,1391.0,54.15,66.0,178.16,152.0,775.81,819.0,19.72,22.0,431.97,365.0,309.25,372.0,68.44,806.0,201.0,67.0,22.61,23.94,24.84,34.0,32.0,31.0,317.0,0.0,0.0
8470657,20192020,Jimmy Howard,DET,G,5on5,27,67688.0,49.87,68.0,1122.0,40.77,52.0,146.39,120.0,618.14,647.0,15.95,17.0,343.43,298.0,253.57,301.0,47.96,664.0,153.0,41.0,18.91,18.47,12.48,26.0,24.0,18.0,264.0,0.0,0.0
8470657,20192020,Jimmy Howard,DET,G,4on5,27,6987.0,14.64,21.0,203.0,10.66,12.0,24.32,23.0,113.59,120.0,0.76,0.0,69.83,56.0,34.75,43.0,13.98,105.0,38.0,15.0,2.33,4.33,7.99,4.0,7.0,10.0,45.0,0.0,0.0
8470657,20192020,Jimmy Howard,DET,G,5on4,27,6103.0,1.29,2.0,26.0,0.78,0.0,2.6,2.0,17.58,21.0,2.48,2.0,5.59,5.0,13.26,15.0,1.28,19.0,4.0,1.0,0.56,0.42,0.3,0.0,1.0,1.0,2.0,0.0,0.0
8471306,20192020,Thomas Greiss,NYI,G,other,31,2370.0,4.71,5.0,64.0,2.43,2.0,6.33,5.0,31.68,28.0,0.58,0.0,18.87,15.0,10.57,16.0,4.05,28.0,11.0,6.0,1.13,1.23,2.35,2.0,1.0,2.0,19.0,0.0,0.0
8471306,20192020,Thomas Greiss,NYI,G,all,31,94556.0,63.53,73.0,1582.0,54.56,51.0,195.06,194.0,815.63,838.0,25.23,31.0,465.66,379.0,342.1,422.0,60.83,914.0,184.0,53.0,25.2,22.13,16.2,34.0,20.0,19.0,431.0,2.0,1.0
8471306,20192020,Thomas Greiss,NYI,G,5on5,31,80601.0,50.02,56.0,1322.0,43.96,45.0,170.49,169.0,691.25,710.0,21.02,25.0,390.22,314.0,295.45,364.0,48.49,794.0,144.0,37.0,21.54,17.65,10.82,28.0,16.0,12.0,347.0,2.0,1.0
8471306,20192020,Thomas Greiss,NYI,G,4on5,31,5940.0,6.69,10.0,169.0,7.19,3.0,15.68,17.0,75.99,80.0,0.73,0.0,51.28,46.0,26.47,31.0,6.26,82.0,21.0,7.0,2.14,2.33,2.22,3.0,3.0,4.0,59.0,0.0,0.0
8471306,20192020,Thomas Greiss,NYI,G,5on4,31,5645.0,1.58,1.0,18.0,0.61,1.0,1.64,1.0,10.98,13.0,2.52,6.0,3.03,3.0,6.81,8.0,1.5,6.0,5.0,3.0,0.22,0.55,0.81,0.0,0.0,1.0,4.0,0.0,0.0
8480162,20192020,Matiss Kivlenieks,CBJ,G,other,6,55.0,0.21,1.0,5.0,0.16,0.0,0.51,1.0,2.91,4.0,0.07,0.0,1.69,1.0,1.34,1.0,0.2,4.0,0.0,0.0,0.21,0.0,0.0,1.0,0.0,0.0,1.0,0.0,0.0
8480162,20192020,Matiss Kivlenieks,CBJ,G,all,6,17090.0,10.57,14.0,242.0,8.58,8.0,30.78,31.0,134.54,137.0,4.15,8.0,74.78,64.0,57.79,65.0,10.18,143.0,36.0,8.0,3.69,4.19,2.7,6.0,4.0,4.0,55.0,0.0,0.0
8480162,20192020,Matiss Kivlenieks,CBJ,G,5on5,6,15585.0,8.76,9.0,222.0,7.68,6.0,28.15,27.0,121.14,121.0,3.64,7.0,68.11,63.0,52.31,59.0,8.4,129.0,33.0,7.0,3.11,3.83,1.81,4.0,2.0,3.0,53.0,0.0,0.0
8480162,20192020,Matiss Kivlenieks,CBJ,G,4on5,6,408.0,1.32,3.0,11.0,0.56,2.0,1.7,3.0,7.47,9.0,0.02,1.0,4.01,0.0,2.08,2.0,1.28,7.0,2.0,1.0,0.23,0.2,0.88,0.0,2.0,1.0,1.0,0.0,0.0
8480162,20192020,Matiss Kivlenieks,CBJ,G,5on4,6,1042.0,0.27,0.0,3.0,0.15,0.0,0.24,0.0,2.28,2.0,0.43,0.0,0.64,0.0,1.64,3.0,0.27,2.0,1.0,0.0,0.12,0.15,0.0,0.0,0.0,0.0,0.0,0.0,0.0
8475839,20192020,Louis Domingue,VAN,G,other,17,1147.0,2.06,1.0,30.0,1.16,0.0,3.51,3.0,18.81,18.0,0.55,0.0,9.51,10.0,8.25,11.0,1.98,16.0,9.0,1.0,0.55,1.15,0.37,1.0,0.0,0.0,4.0,0.0,0.0
8475839,20192020,Louis Domingue,VAN,G,all,17,48210.0,38.3,51.0,798.0,28.86,23.0,97.66,108.0,434.57,434.0,12.07,14.0,242.94,188.0,181.49,221.0,36.96,458.0,116.0,31.0,14.28,14.25,9.77,21.0,16.0,14.0,193.0,0.0,0.0
8475839,20192020,Louis Domingue,VAN,G,5on5,17,39008.0,28.4,41.0,635.0,21.92,20.0,80.14,92.0,344.1,352.0,9.08,12.0,190.42,138.0,145.28,177.0,27.54,369.0,86.0,23.0,11.41,10.58,6.41,18.0,13.0,10.0,157.0,0.0,0.0
8475839,20192020,Louis Domingue,VAN,G,4on5,17,4105.0,5.24,7.0,108.0,4.75,1.0,11.66,12.0,56.22,48.0,0.46,0.0,38.35,34.0,19.13,24.0,4.99,62.0,17.0,2.0,1.96,1.95,1.32,2.0,3.0,2.0,27.0,0.0,0.0
8475839,20192020,Louis Domingue,VAN,G,5on4,17,3950.0,1.97,1.0,22.0,0.88,1.0,1.83,1.0,12.97,13.0,1.97,2.0,3.89,6.0,7.97,8.0,1.86,9.0,4.0,4.0,0.27,0.56,1.14,0.0,0.0,1.0,5.0,0.0,0.0
8477424,20192020,Juuse Saros,NSH,G,other,40,4214.0,7.38,8.0,113.0,4.19,6.0,11.79,15.0,58.6,57.0,1.73,8.0,33.3,25.0,22.3,25.0,6.64,56.0,17.0,8.0,2.14,2.07,3.17,1.0,5.0,2.0,32.0,0.0,0.0
8477424,20192020,Juuse Saros,NSH,G,all,40,130526.0,99.66,98.0,2124.0,78.32,85.0,259.81,306.0,1130.12,1142.0,39.18,38.0,635.6,479.0,466.5,571.0,95.12,1210.0,274.0,93.0,36.1,33.47,30.08,31.0,41.0,26.0,547.0,0.0,0.0
8477424,20192020,Juuse Saros,NSH,G,5on5,40,105668.0,70.76,71.0,1651.0,57.66,63.0,208.57,246.0,875.17,882.0,31.1,25.0,486.82,359.0,367.54,454.0,68.34,961.0,198.0,61.0,27.9,24.68,18.18,24.0,30.0,17.0,431.0,0.0,0.0
8477424,20192020,Juuse Saros,NSH,G,4on5,40,10809.0,18.29,16.0,311.0,14.73,14.0,34.61,36.0,164.32,166.0,0.8,0.0,104.43,88.0,54.62,70.0,17.07,161.0,51.0,20.0,5.12,5.7,7.46,5.0,5.0,6.0,79.0,0.0,0.0
8477424,20192020,Juuse Saros,NSH,G,5on4,40,9835.0,2.97,3.0,43.0,1.58,2.0,4.37,6.0,29.05,33.0,5.47,5.0,9.56,6.0,20.53,22.0,2.82,28.0,8.0,4.0,0.67,1.02,1.27,1.0,1.0,1.0,3.0,0.0,0.0
8478492,20192020,Ilya Samsonov,WSH,G,other,26,2831.0,3.77,4.0,60.0,2.22,2.0,5.73,3.0,29.92,30.0,1.11,0.0,17.7,23.0,10.74,11.0,3.68,26.0,14.0,3.0,1.04,1.73,1.0,1.0,3.0,0.0,17.0,0.0,0.0
8478492,20192020,Ilya Samsonov,WSH,G,all,26,84662.0,58.68,61.0,1268.0,46.67,54.0,151.9,143.0,673.18,690.0,24.11,35.0,373.65,298.0,276.51,348.0,56.66,702.0,166.0,63.0,20.04,20.82,17.82,20.0,23.0,18.0,337.0,2.0,1.0
8478492,20192020,Ilya Samsonov,WSH,G,5on5,26,67195.0,43.64,40.0,991.0,34.69,42.0,123.77,124.0,528.07,535.0,19.32,29.0,291.02,228.0,216.88,270.0,42.2,557.0,125.0,45.0,15.8,15.69,12.16,17.0,16.0,7.0,264.0,2.0,1.0
8478492,20192020,Ilya Samsonov,WSH,G,4on5,26,7609.0,8.56,12.0,174.0,8.28,9.0,17.92,12.0,85.07,89.0,0.73,1.0,55.03,42.0,28.38,43.0,8.09,87.0,25.0,9.0,2.37,3.1,3.09,1.0,4.0,7.0,53.0,0.0,0.0
8478492,20192020,Ilya Samsonov,WSH,G,5on4,26,7027.0,2.48,5.0,39.0,1.3,1.0,3.85,4.0,27.0,33.0,2.84,4.0,8.57,4.0,18.98,21.0,2.46,29.0,1.0,6.0,0.74,0.16,1.58,1.0,0.0,4.0,3.0,0.0,0.0
8479312,20192020,Alex Lyon,PHI,G,other,3,321.0,1.28,1.0,7.0,0.37,2.0,0.94,1.0,5.14,5.0,0.11,0.0,3.08,1.0,1.16,2.0,1.21,2.0,3.0,2.0,0.07,0.35,0.86,0.0,0.0,1.0,0.0,0.0,0.0
8479312,20192020,Alex Lyon,PHI,G,all,3,8119.0,8.15,8.0,113.0,4.65,8.0,15.01,15.0,68.83,73.0,2.76,1.0,39.31,27.0,27.71,35.0,7.9,66.0,25.0,6.0,1.96,3.21,2.99,0.0,5.0,3.0,16.0,0.0,0.0
8479312,20192020,Alex Lyon,PHI,G,5on5,3,6301.0,5.18,5.0,92.0,3.65,4.0,12.49,12.0,55.1,58.0,2.02,1.0,31.38,24.0,23.56,29.0,5.01,54.0,22.0,2.0,1.78,2.85,0.54,0.0,5.0,0.0,14.0,0.0,0.0
8479312,20192020,Alex Lyon,PHI,G,4on5,3,532.0,1.67,2.0,13.0,0.6,2.0,1.44,1.0,7.94,9.0,0.09,0.0,4.65,2.0,2.4,4.0,1.67,9.0,0.0,2.0,0.09,0.0,1.58,0.0,0.0,2.0,2.0,0.0,0.0
8479312,20192020,Alex Lyon,PHI,G,5on4,3,965.0,0.02,0.0,1.0,0.02,0.0,0.14,1.0,0.64,1.0,0.54,0.0,0.2,0.0,0.59,0.0,0.02,1.0,0.0,0.0,0.02,0.0,0.0,0.0,0.0,0.0,0.0,0.0,0.0
8479496,20192020,David Rittich,CGY,G,other,49,4972.0,11.45,11.0,152.0,5.72,4.0,15.73,17.0,82.94,81.0,1.68,2.0,43.96,41.0,33.5,39.0,10.76,73.0,27.0,15.0,2.64,3.24,5.57,3.0,3.0,5.0,37.0,0.0,0.0
8479496,20192020,David Rittich,CGY,G,all,49,168105.0,129.53,138.0,2704.0,100.61,111.0,334.29,330.0,1458.7,1480.0,46.35,50.0,821.11,637.0,605.13,785.0,125.42,1569.0,360.0,130.0,46.68,42.51,40.34,57.0,41.0,40.0,645.0,6.0,3.0
8479496,20192020,David Rittich,CGY,G,5on5,49,137583.0,91.81,98.0,2114.0,74.43,82.0,271.58,273.0,1137.0,1150.0,37.17,42.0,635.57,488.0,475.56,614.0,89.34,1254.0,262.0,86.0,36.55,30.89,24.37,45.0,30.0,23.0,512.0,4.0,2.0
8479496,20192020,David Rittich,CGY,G,4on5,49,13632.0,20.94,21.0,367.0,17.92,23.0,40.67,34.0,192.09,195.0,1.09,0.0,126.18,103.0,64.89,91.0,20.04,200.0,58.0,22.0,6.16,6.7,8.08,8.0,3.0,10.0,87.0,2.0,1.0
8479496,20192020,David Rittich,CGY,G,5on4,49,11918.0,4.13,7.0,59.0,2.0,1.0,5.01,4.0,39.05,45.0,6.16,6.0,11.83,4.0,28.01,36.0,4.12,38.0,9.0,5.0,1.17,1.23,1.73,1.0,4.0,2.0,7.0,0.0,0.0
8476412,20192020,Jordan Binnington,STL,G,other,51,5837.0,9.93,9.0,153.0,7.0,9.0,16.66,15.0,83.28,78.0,2.04,4.0,49.76,39.0,28.71,43.0,9.19,72.0,35.0,9.0,2.52,4.64,2.76,3.0,4.0,2.0,37.0,0.0,0.0
8476412,20192020,Jordan Binnington,STL,G,all,51,175739.0,126.35,126.0,2531.0,99.03,121.0,327.19,334.0,1415.51,1433.0,44.92,46.0,788.7,601.0,577.17,746.0,121.53,1456.0,387.0,123.0,38.98,47.34,40.03,51.0,40.0,35.0,565.0,4.0,2.0
8476412,20192020,Jordan Binnington,STL,G,5on5,51,143979.0,88.47,84.0,1961.0,72.65,96.0,263.66,271.0,1095.47,1094.0,35.87,35.0,603.18,447.0,455.3,590.0,85.2,1137.0,307.0,75.0,30.56,37.28,20.63,37.0,32.0,15.0,442.0,4.0,2.0
8476412,20192020,Jordan Binnington,STL,G,4on5,51,13467.0,21.6,28.0,345.0,16.53,9.0,38.85,39.0,186.47,199.0,1.02,1.0,119.15,102.0,60.72,79.0,20.94,201.0,36.0,26.0,4.56,4.24,12.79,8.0,4.0,16.0,82.0,0.0,0.0
8476412,20192020,Jordan Binnington,STL,G,5on4,51,12456.0,5.59,4.0,65.0,2.55,6.0,6.95,5.0,45.17,55.0,5.92,6.0,14.44,13.0,30.0,33.0,5.48,40.0,9.0,12.0,1.12,1.16,3.3,2.0,0.0,2.0,4.0,0.0,0.0
8476434,20192020,John Gibson,ANA,G,other,52,3890.0,8.11,9.0,124.0,5.15,5.0,13.5,14.0,69.49,70.0,1.7,4.0,39.4,29.0,25.56,34.0,7.83,58.0,28.0,8.0,2.08,3.4,2.63,4.0,4.0,1.0,30.0,0.0,0.0
8476434,20192020,John Gibson,ANA,G,all,52,180583.0,131.98,150.0,2870.0,106.24,116.0,367.0,350.0,1560.27,1560.0,50.12,50.0,890.88,702.0,658.0,841.0,127.63,1721.0,376.0,110.0,49.3,46.44,36.24,56.0,57.0,37.0,663.0,6.0,3.0
8476434,20192020,John Gibson,ANA,G,5on5,52,150131.0,98.76,111.0,2393.0,84.61,100.0,313.39,301.0,1286.36,1279.0,40.68,40.0,735.27,588.0,549.12,691.0,95.63,1455.0,298.0,72.0,42.43,36.66,19.66,43.0,46.0,22.0,568.0,6.0,3.0
8476434,20192020,John Gibson,ANA,G,4on5,52,12800.0,21.55,26.0,295.0,14.22,10.0,34.52,33.0,166.28,165.0,1.21,0.0,102.26,73.0,55.89,81.0,20.74,169.0,39.0,26.0,3.69,4.91,12.96,7.0,6.0,13.0,61.0,0.0,0.0
8476434,20192020,John Gibson,ANA,G,5on4,52,13762.0,3.07,3.0,52.0,1.91,1.0,4.89,2.0,33.66,40.0,6.36,6.0,11.79,10.0,25.25,32.0,2.99,36.0,8.0,4.0,0.94,1.15,0.99,1.0,1.0,1.0,4.0,0.0,0.0
8467950,20192020,Craig Anderson,OTT,G,other,34,2359.0,5.24,7.0,66.0,2.83,2.0,6.4,5.0,34.45,39.0,1.03,0.0,21.74,15.0,11.56,17.0,5.0,29.0,15.0,6.0,1.02,1.96,2.27,3.0,1.0,3.0,16.0,0.0,0.0
8467950,20192020,Craig Anderson,OTT,G,all,34,109525.0,93.34,100.0,1885.0,70.68,78.0,227.33,207.0,1002.46,1018.0,31.4,29.0,572.35,474.0,417.89,518.0,89.78,1048.0,282.0,86.0,31.2,33.66,28.49,33.0,34.0,33.0,469.0,0.0,0.0
8467950,20192020,Craig Anderson,OTT,G,5on5,34,88870.0,66.49,67.0,1505.0,52.54,62.0,186.86,173.0,791.86,800.0,25.69,24.0,448.6,371.0,339.92,420.0,64.24,845.0,220.0,56.0,25.18,26.04,15.27,24.0,25.0,18.0,384.0,0.0,0.0
8467950,20192020,Craig Anderson,OTT,G,4on5,34,9323.0,19.27,22.0,270.0,13.83,13.0,30.26,27.0,149.63,146.0,0.9,1.0,92.64,79.0,47.18,60.0,18.21,147.0,39.0,22.0,4.2,4.69,10.38,4.0,7.0,11.0,62.0,0.0,0.0
8467950,20192020,Craig Anderson,OTT,G,5on4,34,8973.0,2.09,3.0,40.0,1.33,1.0,3.49,1.0,24.28,30.0,3.6,4.0,8.29,9.0,18.07,20.0,2.08,25.0,7.0,2.0,0.66,0.87,0.56,1.0,1.0,1.0,6.0,0.0,0.0
8479292,20192020,Charlie Lindgren,MTL,G,other,6,414.0,0.76,2.0,11.0,0.52,1.0,1.5,0.0,7.73,7.0,0.3,0.0,4.59,3.0,3.33,5.0,0.76,6.0,5.0,0.0,0.21,0.55,0.0,0.0,2.0,0.0,0.0,0.0,0.0
8479292,20192020,Charlie Lindgren,MTL,G,all,6,21651.0,18.32,21.0,316.0,13.04,21.0,42.84,47.0,182.93,179.0,6.78,12.0,100.73,68.0,72.49,90.0,17.46,177.0,56.0,21.0,5.44,6.79,6.09,5.0,11.0,5.0,62.0,0.0,0.0
8479292,20192020,Charlie Lindgren,MTL,G,5on5,6,17741.0,13.31,15.0,240.0,9.15,12.0,33.18,41.0,136.15,135.0,5.64,10.0,74.87,49.0,54.59,67.0,12.84,136.0,38.0,16.0,4.31,4.61,4.38,5.0,8.0,2.0,50.0,0.0,0.0
8479292,20192020,Charlie Lindgren,MTL,G,4on5,6,1690.0,3.51,3.0,55.0,2.97,8.0,7.04,5.0,32.05,30.0,0.13,0.0,18.75,15.0,9.58,11.0,3.12,27.0,12.0,4.0,0.64,1.46,1.42,0.0,1.0,2.0,12.0,0.0,0.0
8479292,20192020,Charlie Lindgren,MTL,G,5on4,6,1806.0,0.74,1.0,10.0,0.39,0.0,1.12,1.0,6.99,7.0,0.71,2.0,2.51,1.0,5.0,7.0,0.74,8.0,1.0,1.0,0.27,0.17,0.29,0.0,0.0,1.0,0.0,0.0,0.0
8475622,20192020,Carter Hutton,BUF,G,other,31,823.0,3.18,8.0,39.0,1.93,1.0,5.01,3.0,24.98,27.0,0.32,2.0,13.9,14.0,8.07,7.0,3.08,21.0,7.0,5.0,0.84,0.78,1.55,4.0,1.0,3.0,6.0,0.0,0.0
8475622,20192020,Carter Hutton,BUF,G,all,31,106710.0,82.89,94.0,1606.0,64.22,73.0,210.49,206.0,908.72,917.0,28.09,29.0,512.1,382.0,365.62,471.0,79.39,927.0,259.0,79.0,26.71,31.6,24.58,34.0,34.0,26.0,341.0,6.0,3.0
8475622,20192020,Carter Hutton,BUF,G,5on5,31,90864.0,62.36,62.0,1324.0,49.91,62.0,176.84,179.0,740.48,748.0,23.07,22.0,416.26,289.0,304.59,406.0,60.05,775.0,202.0,57.0,21.92,24.48,15.95,23.0,26.0,13.0,290.0,4.0,2.0
8475622,20192020,Carter Hutton,BUF,G,4on5,31,6836.0,14.14,18.0,208.0,10.89,9.0,25.35,20.0,119.69,116.0,0.5,0.0,74.16,78.0,38.49,39.0,13.06,116.0,38.0,13.0,3.42,4.58,6.15,7.0,4.0,7.0,41.0,2.0,1.0
8475622,20192020,Carter Hutton,BUF,G,5on4,31,8187.0,3.1,6.0,33.0,1.4,1.0,3.04,4.0,22.12,25.0,4.03,5.0,7.07,1.0,13.7,17.0,3.08,14.0,11.0,4.0,0.51,1.67,0.93,0.0,3.0,3.0,4.0,0.0,0.0
8474636,20192020,Michael Hutchinson,COL,G,other,16,1340.0,3.26,4.0,40.0,1.9,2.0,4.98,3.0,25.92,23.0,0.51,2.0,13.99,13.0,9.97,11.0,2.87,24.0,7.0,4.0,0.88,0.89,1.49,1.0,1.0,2.0,5.0,0.0,0.0
8474636,20192020,Michael Hutchinson,COL,G,all,16,51689.0,44.26,50.0,753.0,30.3,24.0,98.72,102.0,436.83,440.0,14.14,16.0,236.92,175.0,175.14,228.0,42.05,419.0,141.0,40.0,12.66,17.81,13.78,16.0,19.0,15.0,153.0,0.0,0.0
8474636,20192020,Michael Hutchinson,COL,G,5on5,16,42945.0,33.01,39.0,616.0,23.95,20.0,82.8,85.0,351.78,356.0,11.71,13.0,190.25,136.0,141.98,188.0,32.16,343.0,114.0,27.0,10.36,14.65,8.0,14.0,17.0,8.0,132.0,0.0,0.0
8474636,20192020,Michael Hutchinson,COL,G,4on5,16,3747.0,6.92,6.0,78.0,3.59,1.0,8.75,12.0,45.22,49.0,0.25,0.0,26.58,22.0,14.84,18.0,5.96,36.0,19.0,7.0,1.1,2.16,3.66,1.0,1.0,4.0,16.0,0.0,0.0
8474636,20192020,Michael Hutchinson,COL,G,5on4,16,3657.0,0.9,1.0,12.0,0.39,1.0,1.29,2.0,9.03,10.0,1.63,1.0,2.58,1.0,6.59,7.0,0.88,9.0,1.0,2.0,0.14,0.11,0.64,0.0,0.0,1.0,0.0,0.0,0.0
8471679,20192020,Carey Price,MTL,G,other,58,3662.0,8.14,12.0,120.0,4.97,3.0,12.15,11.0,64.32,64.0,1.98,6.0,36.41,34.0,22.21,27.0,7.2,54.0,26.0,7.0,2.05,3.32,2.78,4.0,3.0,5.0,33.0,0.0,0.0
8471679,20192020,Carey Price,MTL,G,all,58,206389.0,151.63,161.0,3113.0,119.6,123.0,396.52,413.0,1689.58,1758.0,61.02,81.0,946.07,744.0,686.16,862.0,146.1,1770.0,443.0,145.0,48.64,55.68,47.3,53.0,63.0,45.0,755.0,6.0,3.0
8471679,20192020,Carey Price,MTL,G,5on5,58,171905.0,109.59,114.0,2459.0,88.15,96.0,321.92,352.0,1314.8,1376.0,51.61,63.0,733.25,564.0,544.97,673.0,106.27,1400.0,346.0,96.0,39.28,43.72,26.59,44.0,50.0,20.0,617.0,4.0,2.0
8471679,20192020,Carey Price,MTL,G,4on5,58,16272.0,29.32,31.0,455.0,23.73,23.0,54.5,44.0,257.93,265.0,1.53,2.0,158.86,134.0,83.24,116.0,28.09,264.0,57.0,37.0,5.85,6.98,16.49,5.0,6.0,20.0,97.0,2.0,1.0
8471679,20192020,Carey Price,MTL,G,5on4,58,14550.0,4.06,2.0,68.0,2.32,0.0,6.64,4.0,46.41,45.0,5.72,10.0,14.49,12.0,33.19,44.0,4.03,46.0,11.0,5.0,1.3,1.31,1.45,0.0,2.0,0.0,6.0,0.0,0.0
8471418,20192020,Anton Khudobin,DAL,G,other,30,2606.0,6.29,4.0,81.0,3.42,2.0,9.23,7.0,45.49,49.0,0.9,2.0,27.54,30.0,14.98,16.0,5.78,42.0,13.0,9.0,1.44,1.5,3.36,0.0,0.0,4.0,17.0,0.0,0.0
8471418,20192020,Anton Khudobin,DAL,G,all,30,100864.0,70.03,62.0,1577.0,56.75,55.0,197.11,202.0,836.81,882.0,26.99,27.0,489.69,428.0,349.36,420.0,66.93,930.0,203.0,59.0,25.56,25.31,19.16,22.0,22.0,18.0,385.0,4.0,2.0
8471418,20192020,Anton Khudobin,DAL,G,5on5,30,81856.0,47.13,37.0,1217.0,41.18,46.0,157.84,172.0,640.33,674.0,21.21,20.0,369.17,322.0,275.11,321.0,45.64,735.0,141.0,36.0,19.34,17.82,9.96,13.0,16.0,8.0,305.0,4.0,2.0
8471418,20192020,Anton Khudobin,DAL,G,4on5,30,8540.0,15.22,20.0,244.0,10.96,7.0,26.23,21.0,127.86,132.0,0.74,0.0,84.19,71.0,42.25,59.0,14.13,124.0,46.0,13.0,3.97,5.63,5.61,8.0,6.0,6.0,61.0,0.0,0.0
8471418,20192020,Anton Khudobin,DAL,G,5on4,30,7862.0,0.93,0.0,26.0,0.83,0.0,2.67,1.0,17.5,21.0,4.02,5.0,6.04,4.0,13.91,19.0,0.93,23.0,2.0,0.0,0.66,0.27,0.0,0.0,0.0,0.0,1.0,0.0,0.0
8476883,20192020,Andrei Vasilevskiy,T.B,G,other,52,5757.0,9.85,9.0,168.0,6.62,1.0,16.87,22.0,88.9,92.0,1.19,1.0,52.44,46.0,36.33,46.0,9.45,88.0,32.0,7.0,2.94,3.87,3.05,2.0,5.0,2.0,41.0,0.0,0.0
8476883,20192020,Andrei Vasilevskiy,T.B,G,all,52,185092.0,134.8,131.0,2760.0,105.59,104.0,344.6,341.0,1502.24,1580.0,50.24,68.0,846.83,637.0,622.9,821.0,130.55,1579.0,409.0,119.0,45.33,49.68,39.78,49.0,48.0,34.0,653.0,4.0,2.0
8476883,20192020,Andrei Vasilevskiy,T.B,G,5on5,52,150089.0,91.94,88.0,2089.0,76.35,79.0,277.38,279.0,1144.93,1202.0,40.37,56.0,644.72,468.0,476.97,631.0,89.53,1239.0,293.0,73.0,36.0,35.59,20.35,39.0,32.0,17.0,484.0,2.0,1.0
8476883,20192020,Andrei Vasilevskiy,T.B,G,4on5,52,15226.0,27.61,30.0,408.0,19.47,22.0,42.28,37.0,209.68,218.0,1.33,0.0,130.18,105.0,66.37,91.0,26.26,198.0,62.0,34.0,4.95,7.61,15.05,8.0,7.0,15.0,114.0,0.0,0.0
8476883,20192020,Andrei Vasilevskiy,T.B,G,5on4,52,14020.0,5.21,4.0,93.0,3.06,2.0,7.79,3.0,57.29,66.0,7.23,10.0,18.84,17.0,42.46,52.0,5.13,53.0,21.0,5.0,1.4,2.49,1.33,0.0,4.0,0.0,14.0,2.0,1.0
8478039,20192020,Kaapo Kahkonen,MIN,G,other,5,493.0,0.33,1.0,9.0,0.29,0.0,0.58,0.0,3.58,3.0,0.11,0.0,2.51,2.0,1.19,2.0,0.33,4.0,0.0,1.0,0.13,0.0,0.2,0.0,0.0,1.0,4.0,0.0,0.0
8478039,20192020,Kaapo Kahkonen,MIN,G,all,5,18250.0,12.43,15.0,289.0,10.63,6.0,38.03,57.0,159.84,172.0,4.33,6.0,93.83,63.0,66.95,79.0,12.23,186.0,31.0,10.0,5.47,3.84,3.12,4.0,7.0,4.0,62.0,0.0,0.0
8478039,20192020,Kaapo Kahkonen,MIN,G,5on5,5,15511.0,9.01,9.0,243.0,8.51,5.0,33.21,50.0,135.05,148.0,3.82,6.0,77.95,51.0,58.0,71.0,8.87,161.0,24.0,6.0,4.61,2.96,1.44,2.0,6.0,1.0,52.0,0.0,0.0
8478039,20192020,Kaapo Kahkonen,MIN,G,4on5,5,1075.0,2.71,5.0,32.0,1.6,1.0,3.84,7.0,18.66,17.0,0.06,0.0,12.26,9.0,5.99,3.0,2.65,20.0,4.0,3.0,0.72,0.5,1.48,2.0,1.0,2.0,5.0,0.0,0.0
8478039,20192020,Kaapo Kahkonen,MIN,G,5on4,5,1171.0,0.38,0.0,5.0,0.24,0.0,0.39,0.0,2.54,4.0,0.24,0.0,1.11,1.0,1.77,3.0,0.38,1.0,3.0,0.0,0.01,0.37,0.0,0.0,0.0,0.0,1.0,0.0,0.0
8476234,20192020,Keith Kinkaid,MTL,G,other,6,544.0,1.4,2.0,13.0,0.47,0.0,1.34,1.0,7.03,6.0,0.25,0.0,3.9,4.0,2.67,3.0,1.38,4.0,4.0,2.0,0.1,0.45,0.86,0.0,1.0,1.0,3.0,0.0,0.0
8476234,20192020,Keith Kinkaid,MTL,G,all,6,20399.0,16.33,24.0,336.0,12.85,14.0,45.02,41.0,190.28,192.0,5.98,11.0,106.93,94.0,79.69,88.0,15.77,200.0,55.0,12.0,5.87,6.55,3.92,10.0,11.0,3.0,69.0,0.0,0.0
8476234,20192020,Keith Kinkaid,MTL,G,5on5,6,17044.0,11.22,15.0,272.0,9.72,13.0,37.4,37.0,150.39,153.0,5.04,11.0,84.89,72.0,63.82,70.0,10.83,169.0,35.0,8.0,4.8,4.23,2.19,6.0,8.0,1.0,60.0,0.0,0.0
8476234,20192020,Keith Kinkaid,MTL,G,4on5,6,1367.0,2.9,5.0,38.0,2.21,1.0,5.32,3.0,25.46,26.0,0.07,0.0,15.67,15.0,8.11,10.0,2.75,22.0,11.0,2.0,0.9,1.13,0.87,4.0,0.0,1.0,3.0,0.0,0.0
8476234,20192020,Keith Kinkaid,MTL,G,5on4,6,1444.0,0.66,1.0,12.0,0.35,0.0,0.83,0.0,6.46,6.0,0.61,0.0,2.19,3.0,4.77,5.0,0.66,5.0,4.0,0.0,0.07,0.59,0.0,0.0,1.0,0.0,3.0,0.0,0.0
8475852,20192020,Petr Mrazek,CAR,G,other,40,7049.0,8.41,4.0,91.0,4.11,7.0,10.85,6.0,55.52,48.0,1.72,5.0,30.48,31.0,18.17,26.0,6.85,38.0,25.0,11.0,1.3,2.73,4.38,0.0,2.0,2.0,17.0,0.0,0.0
8475852,20192020,Petr Mrazek,CAR,G,all,40,139253.0,101.31,104.0,1888.0,72.54,97.0,242.77,183.0,1065.23,1089.0,42.5,52.0,579.34,453.0,431.57,618.0,96.58,1099.0,290.0,96.0,31.39,36.13,33.79,33.0,43.0,28.0,403.0,4.0,2.0
8475852,20192020,Petr Mrazek,CAR,G,5on5,40,109074.0,68.32,73.0,1440.0,52.01,68.0,191.0,147.0,810.84,839.0,32.76,42.0,437.08,335.0,339.49,480.0,66.11,855.0,223.0,54.0,25.03,27.77,15.52,27.0,37.0,9.0,308.0,4.0,2.0
8475852,20192020,Petr Mrazek,CAR,G,4on5,40,12579.0,19.27,21.0,293.0,14.01,17.0,33.37,29.0,156.58,158.0,1.03,0.0,94.65,73.0,50.7,80.0,18.41,167.0,31.0,23.0,3.92,4.05,11.3,4.0,4.0,13.0,72.0,0.0,0.0
8475852,20192020,Petr Mrazek,CAR,G,5on4,40,10551.0,1.66,2.0,30.0,0.91,2.0,3.32,0.0,20.43,22.0,5.67,4.0,6.63,4.0,14.88,21.0,1.63,23.0,5.0,1.0,0.64,0.82,0.2,1.0,0.0,1.0,1.0,0.0,0.0
8477405,20192020,Marcus Hogberg,OTT,G,other,24,1127.0,4.01,2.0,50.0,2.13,2.0,5.38,6.0,29.82,32.0,0.96,0.0,13.33,14.0,13.26,15.0,3.77,18.0,17.0,4.0,0.78,2.08,1.15,0.0,1.0,1.0,11.0,0.0,0.0
8477405,20192020,Marcus Hogberg,OTT,G,all,24,80673.0,66.17,71.0,1356.0,49.92,65.0,167.24,174.0,725.42,729.0,22.66,18.0,407.94,335.0,301.12,354.0,62.79,761.0,191.0,65.0,22.17,23.14,20.85,19.0,29.0,23.0,339.0,0.0,0.0
8477405,20192020,Marcus Hogberg,OTT,G,5on5,24,68305.0,48.65,49.0,1120.0,39.23,54.0,140.84,151.0,587.16,585.0,17.86,17.0,332.68,276.0,246.21,281.0,46.7,631.0,157.0,39.0,19.08,18.87,10.7,18.0,24.0,7.0,293.0,0.0,0.0
8477405,20192020,Marcus Hogberg,OTT,G,4on5,24,5266.0,10.88,17.0,152.0,7.28,8.0,17.58,16.0,85.75,87.0,0.51,1.0,53.84,40.0,27.73,40.0,9.72,94.0,10.0,17.0,1.78,1.36,7.73,0.0,4.0,13.0,31.0,0.0,0.0
8477405,20192020,Marcus Hogberg,OTT,G,5on4,24,5975.0,1.12,1.0,19.0,0.61,0.0,1.67,1.0,12.09,13.0,3.24,0.0,3.6,4.0,8.67,10.0,1.12,11.0,3.0,2.0,0.22,0.4,0.51,0.0,0.0,1.0,3.0,0.0,0.0
8471734,20192020,Jonathan Quick,L.A,G,other,42,2465.0,6.26,6.0,74.0,3.31,6.0,8.76,8.0,44.24,44.0,1.08,2.0,25.16,12.0,16.03,29.0,5.79,39.0,15.0,7.0,1.61,1.9,2.75,2.0,2.0,2.0,13.0,0.0,0.0
8471734,20192020,Jonathan Quick,L.A,G,all,42,150953.0,105.09,118.0,2218.0,82.48,100.0,289.22,262.0,1242.68,1224.0,44.98,42.0,699.05,547.0,517.94,660.0,101.4,1357.0,288.0,91.0,38.48,35.42,31.2,48.0,40.0,30.0,482.0,0.0,0.0
8471734,20192020,Jonathan Quick,L.A,G,5on5,42,125931.0,77.07,85.0,1785.0,63.34,79.0,240.38,227.0,995.01,977.0,36.94,33.0,556.52,429.0,419.24,528.0,74.95,1099.0,235.0,57.0,31.35,28.71,17.01,40.0,33.0,12.0,394.0,0.0,0.0
8471734,20192020,Jonathan Quick,L.A,G,4on5,42,10702.0,17.93,26.0,294.0,13.67,13.0,33.56,23.0,159.67,155.0,0.95,0.0,103.11,93.0,51.71,64.0,17.08,175.0,26.0,24.0,4.25,3.12,10.55,5.0,5.0,16.0,69.0,0.0,0.0
8471734,20192020,Jonathan Quick,L.A,G,5on4,42,11855.0,3.23,0.0,55.0,1.89,1.0,5.39,3.0,37.51,41.0,5.67,6.0,12.06,12.0,27.35,35.0,3.0,39.0,9.0,3.0,1.14,1.21,0.89,0.0,0.0,0.0,4.0,0.0,0.0
8475156,20192020,Mikko Koskinen,EDM,G,other,38,2669.0,4.53,4.0,80.0,3.53,5.0,8.02,6.0,40.48,39.0,0.89,0.0,27.65,25.0,12.84,20.0,4.28,40.0,17.0,3.0,1.69,2.03,0.81,1.0,2.0,1.0,20.0,0.0,0.0
8475156,20192020,Mikko Koskinen,EDM,G,all,38,125976.0,96.87,97.0,2132.0,77.53,111.0,268.59,267.0,1143.12,1170.0,31.82,30.0,647.14,527.0,466.7,554.0,93.24,1233.0,279.0,85.0,36.34,33.42,27.11,43.0,26.0,28.0,535.0,0.0,0.0
8475156,20192020,Mikko Koskinen,EDM,G,5on5,38,105154.0,73.09,72.0,1708.0,58.8,95.0,222.83,221.0,916.68,941.0,26.55,27.0,506.53,405.0,381.09,448.0,70.37,994.0,214.0,65.0,29.25,25.96,17.87,35.0,22.0,15.0,435.0,0.0,0.0
8475156,20192020,Mikko Koskinen,EDM,G,4on5,38,9873.0,16.36,17.0,296.0,13.79,10.0,33.4,35.0,156.53,156.0,0.62,0.0,102.7,93.0,52.56,60.0,15.71,170.0,41.0,13.0,4.49,4.66,7.21,4.0,2.0,11.0,72.0,0.0,0.0
8475156,20192020,Mikko Koskinen,EDM,G,5on4,38,8280.0,2.4,3.0,37.0,1.03,1.0,3.29,5.0,23.48,29.0,3.6,2.0,7.35,3.0,17.18,20.0,2.4,23.0,5.0,4.0,0.65,0.54,1.22,2.0,0.0,1.0,5.0,0.0,0.0
8477480,20192020,Eric Comrie,DET,G,other,3,181.0,0.13,0.0,3.0,0.09,0.0,0.32,0.0,1.41,2.0,0.03,0.0,0.75,2.0,0.67,0.0,0.13,1.0,1.0,0.0,0.02,0.11,0.0,0.0,0.0,0.0,1.0,0.0,0.0
8477480,20192020,Eric Comrie,DET,G,all,3,7575.0,7.29,9.0,113.0,4.7,9.0,14.9,10.0,65.35,66.0,1.38,0.0,35.2,27.0,25.85,33.0,6.54,60.0,20.0,10.0,1.65,2.46,3.18,3.0,3.0,3.0,23.0,0.0,0.0
8477480,20192020,Eric Comrie,DET,G,5on5,3,6031.0,5.04,7.0,89.0,3.64,6.0,12.2,9.0,51.7,51.0,1.19,0.0,28.74,22.0,20.71,26.0,4.88,50.0,16.0,6.0,1.4,2.0,1.65,2.0,3.0,2.0,17.0,0.0,0.0
8477480,20192020,Eric Comrie,DET,G,4on5,3,755.0,0.42,1.0,14.0,0.64,0.0,1.62,0.0,6.83,7.0,0.03,0.0,4.76,2.0,2.37,7.0,0.4,8.0,2.0,0.0,0.22,0.19,0.0,1.0,0.0,0.0,4.0,0.0,0.0
8477480,20192020,Eric Comrie,DET,G,5on4,3,608.0,1.7,1.0,7.0,0.32,3.0,0.77,1.0,5.41,6.0,0.14,0.0,0.95,1.0,2.1,0.0,1.14,1.0,1.0,4.0,0.01,0.16,1.53,0.0,0.0,1.0,1.0,0.0,0.0
8475195,20192020,Anders Nilsson,OTT,G,other,20,1911.0,4.63,6.0,54.0,2.5,3.0,6.17,6.0,31.89,33.0,0.66,0.0,17.17,17.0,10.42,10.0,4.41,21.0,14.0,7.0,0.74,1.65,2.24,1.0,2.0,3.0,12.0,0.0,0.0
8475195,20192020,Anders Nilsson,OTT,G,all,20,65594.0,50.51,58.0,1087.0,41.46,44.0,135.65,125.0,597.79,628.0,18.94,21.0,337.81,273.0,249.02,313.0,48.56,642.0,150.0,42.0,18.6,18.72,13.19,18.0,30.0,10.0,253.0,0.0,0.0
8475195,20192020,Anders Nilsson,OTT,G,5on5,20,52455.0,33.29,40.0,816.0,28.34,29.0,104.76,91.0,444.17,472.0,15.0,17.0,249.92,199.0,189.37,244.0,32.39,492.0,106.0,22.0,14.22,13.26,5.81,15.0,23.0,2.0,196.0,0.0,0.0
8475195,20192020,Anders Nilsson,OTT,G,4on5,20,6142.0,10.09,10.0,178.0,9.04,10.0,20.94,23.0,97.23,94.0,0.68,0.0,62.47,51.0,32.3,40.0,9.33,105.0,22.0,11.0,2.79,2.72,4.58,2.0,4.0,4.0,40.0,0.0,0.0
8475195,20192020,Anders Nilsson,OTT,G,5on4,20,5086.0,2.35,2.0,36.0,1.43,2.0,3.46,5.0,22.87,27.0,2.37,4.0,7.56,4.0,16.32,19.0,2.28,23.0,7.0,2.0,0.83,0.96,0.56,0.0,1.0,1.0,4.0,0.0,0.0
8473541,20192020,Jonathan Bernier,DET,G,other,46,3242.0,9.42,8.0,106.0,4.81,5.0,11.05,16.0,59.8,63.0,0.92,1.0,35.21,28.0,19.65,25.0,8.45,52.0,18.0,13.0,1.84,2.36,5.22,1.0,3.0,4.0,23.0,0.0,0.0
8473541,20192020,Jonathan Bernier,DET,G,all,46,152781.0,131.56,127.0,2390.0,95.64,96.0,300.79,317.0,1343.75,1354.0,35.35,27.0,749.51,621.0,542.35,658.0,124.24,1373.0,360.0,131.0,39.71,44.41,47.44,39.0,42.0,46.0,526.0,4.0,2.0
8473541,20192020,Jonathan Bernier,DET,G,5on5,46,123699.0,82.51,81.0,1854.0,68.45,66.0,242.3,263.0,1023.49,1022.0,28.47,24.0,575.74,467.0,424.88,511.0,79.86,1095.0,269.0,63.0,32.45,32.76,17.3,35.0,32.0,14.0,427.0,4.0,2.0
8473541,20192020,Jonathan Bernier,DET,G,4on5,46,12857.0,33.31,29.0,348.0,19.23,23.0,39.66,35.0,205.32,213.0,0.93,0.0,119.9,115.0,61.43,75.0,29.73,181.0,52.0,47.0,3.95,6.61,22.75,2.0,4.0,23.0,68.0,0.0,0.0
8473541,20192020,Jonathan Bernier,DET,G,5on4,46,12983.0,4.91,7.0,67.0,2.36,0.0,5.92,3.0,45.09,48.0,4.92,2.0,14.12,6.0,32.34,43.0,4.91,40.0,15.0,6.0,1.26,1.99,1.66,0.0,3.0,4.0,6.0,0.0,0.0
8477992,20192020,Jonas Johansson,BUF,G,other,6,505.0,0.56,1.0,7.0,0.3,0.0,0.96,1.0,4.66,5.0,0.19,0.0,1.83,1.0,2.22,3.0,0.56,4.0,1.0,1.0,0.17,0.1,0.28,0.0,0.0,1.0,1.0,0.0,0.0
8477992,20192020,Jonas Johansson,BUF,G,all,6,19604.0,13.36,16.0,245.0,10.12,13.0,33.94,21.0,148.09,151.0,4.48,4.0,81.52,52.0,61.38,97.0,13.03,159.0,31.0,15.0,4.76,3.7,4.89,7.0,3.0,6.0,40.0,0.0,0.0
8477992,20192020,Jonas Johansson,BUF,G,5on5,6,16799.0,10.07,13.0,212.0,8.6,12.0,30.57,20.0,128.57,130.0,3.73,3.0,72.23,46.0,53.44,82.0,9.77,142.0,27.0,10.0,4.33,3.2,2.54,7.0,3.0,3.0,33.0,0.0,0.0
8477992,20192020,Jonas Johansson,BUF,G,4on5,6,944.0,2.4,2.0,21.0,1.09,1.0,1.91,0.0,11.07,12.0,0.13,0.0,6.31,5.0,2.93,7.0,2.39,9.0,3.0,3.0,0.16,0.4,1.84,0.0,0.0,2.0,6.0,0.0,0.0
8477992,20192020,Jonas Johansson,BUF,G,5on4,6,1356.0,0.32,0.0,5.0,0.13,0.0,0.51,0.0,3.8,4.0,0.42,1.0,1.14,0.0,2.79,5.0,0.32,4.0,0.0,1.0,0.1,0.0,0.22,0.0,0.0,0.0,0.0,0.0,0.0
8477293,20192020,Antti Raanta,ARI,G,other,33,3456.0,6.29,5.0,90.0,4.41,9.0,10.19,8.0,50.12,54.0,0.82,1.0,27.97,25.0,16.48,18.0,5.81,49.0,10.0,9.0,1.91,1.13,3.24,3.0,1.0,1.0,22.0,0.0,0.0
8477293,20192020,Antti Raanta,ARI,G,all,33,109371.0,84.81,81.0,1817.0,71.03,83.0,232.07,247.0,1021.34,1011.0,30.04,24.0,577.09,447.0,427.77,532.0,81.85,1091.0,266.0,71.0,30.67,31.94,22.2,26.0,29.0,26.0,389.0,2.0,1.0
8477293,20192020,Antti Raanta,ARI,G,5on5,33,87268.0,63.65,62.0,1473.0,54.12,63.0,193.27,215.0,820.47,798.0,23.83,19.0,463.33,351.0,346.98,430.0,61.7,884.0,219.0,45.0,24.53,26.21,12.91,21.0,22.0,19.0,325.0,2.0,1.0
8477293,20192020,Antti Raanta,ARI,G,4on5,33,8744.0,11.06,11.0,201.0,10.53,10.0,23.5,22.0,113.24,118.0,1.06,0.0,73.97,63.0,38.15,49.0,10.54,122.0,30.0,10.0,3.22,3.7,4.15,2.0,6.0,3.0,39.0,0.0,0.0
8477293,20192020,Antti Raanta,ARI,G,5on4,33,9903.0,3.8,3.0,52.0,1.97,1.0,5.07,2.0,36.65,41.0,4.32,4.0,11.56,7.0,25.49,35.0,3.78,35.0,7.0,7.0,1.0,0.9,1.9,0.0,0.0,3.0,3.0,0.0,0.0
8476914,20192020,Joonas Korpisalo,CBJ,G,other,37,3423.0,8.26,13.0,138.0,5.66,8.0,14.78,12.0,73.94,74.0,1.04,0.0,45.27,40.0,26.53,26.0,7.7,69.0,24.0,10.0,2.54,2.89,2.84,2.0,6.0,5.0,35.0,0.0,0.0
8476914,20192020,Joonas Korpisalo,CBJ,G,all,37,127605.0,84.75,92.0,1934.0,67.57,64.0,226.86,262.0,989.49,1031.0,35.05,34.0,571.54,406.0,414.62,540.0,82.06,1080.0,250.0,69.0,30.43,30.6,23.72,29.0,36.0,27.0,535.0,0.0,0.0
8476914,20192020,Joonas Korpisalo,CBJ,G,5on5,37,104146.0,59.84,59.0,1525.0,49.52,47.0,182.63,224.0,760.78,793.0,28.49,32.0,436.55,294.0,325.26,433.0,58.38,854.0,185.0,41.0,24.14,22.79,12.91,24.0,25.0,10.0,445.0,0.0,0.0
8476914,20192020,Joonas Korpisalo,CBJ,G,4on5,37,9606.0,11.76,14.0,220.0,10.45,5.0,24.72,24.0,120.83,126.0,0.58,0.0,79.27,66.0,41.91,55.0,11.29,134.0,27.0,11.0,3.09,3.04,5.62,3.0,2.0,9.0,48.0,0.0,0.0
8476914,20192020,Joonas Korpisalo,CBJ,G,5on4,37,10430.0,4.38,5.0,45.0,1.72,3.0,3.82,1.0,30.05,34.0,4.67,2.0,8.98,5.0,19.18,25.0,4.23,20.0,13.0,6.0,0.57,1.74,2.06,0.0,3.0,2.0,6.0,0.0,0.0
8475311,20192020,Darcy Kuemper,ARI,G,other,29,2152.0,5.52,1.0,66.0,3.12,7.0,7.82,7.0,38.91,38.0,0.67,0.0,20.87,16.0,15.2,20.0,4.77,29.0,16.0,9.0,1.12,1.91,2.49,1.0,0.0,0.0,12.0,0.0,0.0
8475311,20192020,Darcy Kuemper,ARI,G,all,29,105215.0,73.65,66.0,1663.0,61.24,67.0,207.7,207.0,893.27,898.0,28.8,23.0,510.64,408.0,377.45,489.0,71.1,978.0,228.0,56.0,28.19,27.7,17.76,27.0,21.0,18.0,401.0,6.0,3.0
8475311,20192020,Darcy Kuemper,ARI,G,5on5,29,87582.0,56.1,50.0,1368.0,47.3,48.0,174.41,169.0,727.85,720.0,24.02,20.0,413.29,336.0,311.1,403.0,54.66,806.0,184.0,36.0,23.61,22.22,10.27,22.0,17.0,11.0,342.0,6.0,3.0
8475311,20192020,Darcy Kuemper,ARI,G,4on5,29,7424.0,9.94,14.0,198.0,9.65,12.0,22.83,28.0,107.49,119.0,0.71,0.0,69.4,50.0,37.67,48.0,9.58,122.0,22.0,9.0,2.81,2.69,4.44,4.0,4.0,6.0,45.0,0.0,0.0
8475311,20192020,Darcy Kuemper,ARI,G,5on4,29,8057.0,1.83,1.0,27.0,1.06,0.0,2.28,3.0,16.82,18.0,3.36,3.0,6.1,6.0,12.2,15.0,1.83,18.0,5.0,2.0,0.48,0.79,0.56,0.0,0.0,1.0,2.0,0.0,0.0
8475789,20192020,Jack Campbell,TOR,G,other,26,1783.0,4.37,6.0,42.0,2.13,5.0,5.18,3.0,28.08,27.0,0.7,0.0,15.26,16.0,9.09,7.0,4.15,21.0,10.0,6.0,0.8,1.18,2.4,1.0,3.0,2.0,5.0,0.0,0.0
8475789,20192020,Jack Campbell,TOR,G,all,26,94076.0,67.03,74.0,1420.0,51.33,67.0,172.44,194.0,749.96,761.0,27.87,31.0,422.01,321.0,306.53,373.0,65.07,784.0,198.0,62.0,22.66,23.63,20.75,21.0,31.0,22.0,376.0,0.0,0.0
8475789,20192020,Jack Campbell,TOR,G,5on5,26,78950.0,49.49,51.0,1178.0,40.69,52.0,146.08,163.0,614.92,619.0,22.89,26.0,346.67,268.0,256.8,312.0,48.25,662.0,155.0,43.0,18.86,18.22,12.41,18.0,20.0,13.0,318.0,0.0,0.0
8475789,20192020,Jack Campbell,TOR,G,4on5,26,6981.0,9.83,14.0,163.0,7.08,8.0,17.03,22.0,81.53,84.0,0.56,0.0,50.7,34.0,25.75,34.0,9.46,77.0,27.0,9.0,2.16,3.39,4.29,2.0,7.0,5.0,50.0,0.0,0.0
8475789,20192020,Jack Campbell,TOR,G,5on4,26,6362.0,2.18,1.0,26.0,0.87,1.0,2.5,3.0,17.03,21.0,3.52,4.0,5.52,2.0,11.42,16.0,2.14,16.0,4.0,3.0,0.5,0.55,1.13,0.0,0.0,1.0,3.0,0.0,0.0
8478007,20192020,Elvis Merzlikins,CBJ,G,other,32,4427.0,3.42,8.0,70.0,2.15,2.0,6.63,4.0,33.86,36.0,0.8,0.0,21.39,18.0,13.32,16.0,3.35,34.0,13.0,2.0,1.28,1.57,0.57,5.0,2.0,1.0,21.0,0.0,0.0
8478007,20192020,Elvis Merzlikins,CBJ,G,all,32,108958.0,68.84,71.0,1737.0,58.71,57.0,211.33,199.0,895.3,919.0,28.92,31.0,517.97,409.0,384.36,506.0,66.81,1008.0,214.0,50.0,29.16,25.36,14.33,32.0,27.0,12.0,465.0,0.0,0.0
8478007,20192020,Elvis Merzlikins,CBJ,G,5on5,32,91442.0,56.91,54.0,1487.0,48.88,49.0,184.43,181.0,764.18,782.0,24.15,28.0,439.18,348.0,330.15,429.0,55.15,870.0,176.0,39.0,24.92,20.84,11.15,22.0,24.0,8.0,402.0,0.0,0.0
8478007,20192020,Elvis Merzlikins,CBJ,G,4on5,32,6259.0,6.85,9.0,151.0,6.71,6.0,17.1,12.0,77.42,82.0,0.88,1.0,50.25,39.0,27.45,40.0,6.66,85.0,18.0,8.0,2.41,2.05,2.39,5.0,1.0,3.0,40.0,0.0,0.0
8478007,20192020,Elvis Merzlikins,CBJ,G,5on4,32,6830.0,0.94,0.0,21.0,0.6,0.0,2.03,1.0,13.69,15.0,2.95,2.0,4.58,2.0,10.44,16.0,0.94,16.0,2.0,1.0,0.46,0.27,0.21,0.0,0.0,0.0,2.0,0.0,0.0
8475660,20192020,Cam Talbot,CGY,G,other,26,1792.0,2.24,3.0,47.0,1.82,1.0,5.32,7.0,27.11,32.0,0.6,0.0,17.03,17.0,10.8,11.0,2.17,33.0,3.0,3.0,1.07,0.33,0.85,2.0,0.0,1.0,8.0,0.0,0.0
8475660,20192020,Cam Talbot,CGY,G,all,26,84336.0,58.8,64.0,1373.0,51.06,54.0,182.19,190.0,771.51,780.0,24.45,27.0,445.55,347.0,322.6,409.0,56.73,879.0,167.0,42.0,24.92,19.27,14.6,29.0,16.0,19.0,285.0,11.0,4.0
8475660,20192020,Cam Talbot,CGY,G,5on5,26,71334.0,46.11,51.0,1141.0,40.7,43.0,155.42,161.0,641.69,650.0,20.21,21.0,366.39,281.0,274.68,355.0,44.65,737.0,138.0,31.0,20.99,16.15,8.97,26.0,13.0,12.0,235.0,11.0,4.0
8475660,20192020,Cam Talbot,CGY,G,4on5,26,5028.0,9.8,9.0,170.0,8.08,10.0,19.88,21.0,93.1,87.0,0.56,0.0,58.62,47.0,30.6,34.0,9.27,98.0,24.0,8.0,2.42,2.61,4.78,1.0,2.0,6.0,40.0,0.0,0.0
8475660,20192020,Cam Talbot,CGY,G,5on4,26,6182.0,0.37,1.0,10.0,0.26,0.0,0.91,0.0,6.02,6.0,2.78,6.0,1.88,0.0,4.41,7.0,0.36,7.0,1.0,0.0,0.27,0.1,0.0,0.0,1.0,0.0,2.0,0.0,0.0
8469608,20192020,Mike Smith,EDM,G,other,39,3414.0,7.69,1.0,106.0,4.63,5.0,11.4,10.0,59.25,58.0,1.03,0.0,36.44,30.0,18.75,33.0,7.03,54.0,19.0,8.0,2.14,2.58,2.97,0.0,1.0,0.0,25.0,0.0,0.0
8469608,20192020,Mike Smith,EDM,G,all,39,128285.0,92.85,105.0,1996.0,70.9,72.0,247.34,248.0,1061.01,1074.0,33.39,49.0,596.23,484.0,436.01,538.0,89.08,1130.0,259.0,90.0,31.24,32.58,29.04,32.0,41.0,32.0,517.0,11.0,4.0
8469608,20192020,Mike Smith,EDM,G,5on5,39,106734.0,67.4,84.0,1573.0,52.76,52.0,201.01,201.0,834.77,839.0,26.95,42.0,462.95,369.0,349.94,429.0,64.93,897.0,204.0,61.0,24.75,25.49,17.17,28.0,35.0,21.0,411.0,11.0,4.0
8469608,20192020,Mike Smith,EDM,G,4on5,39,8960.0,14.46,12.0,266.0,11.8,14.0,30.9,34.0,137.74,142.0,0.67,0.0,86.76,77.0,47.33,56.0,13.87,151.0,28.0,17.0,3.46,3.32,7.68,1.0,3.0,8.0,70.0,0.0,0.0
8469608,20192020,Mike Smith,EDM,G,5on4,39,9177.0,2.43,5.0,45.0,1.36,0.0,3.1,3.0,24.65,29.0,4.62,7.0,8.15,6.0,18.26,20.0,2.43,26.0,6.0,2.0,0.85,0.9,0.68,3.0,1.0,1.0,11.0,0.0,0.0
8475683,20192020,Sergei Bobrovsky,FLA,G,other,50,3329.0,6.95,9.0,93.0,3.58,2.0,9.87,6.0,50.97,52.0,0.93,1.0,28.84,28.0,18.84,22.0,6.44,49.0,13.0,8.0,2.15,1.72,3.08,6.0,2.0,1.0,23.0,0.0,0.0
8475683,20192020,Sergei Bobrovsky,FLA,G,all,50,167122.0,140.08,153.0,2672.0,101.24,158.0,334.47,344.0,1451.67,1506.0,46.51,41.0,802.52,604.0,593.73,720.0,133.92,1460.0,422.0,140.0,42.56,53.52,44.01,60.0,55.0,38.0,650.0,0.0,0.0
8475683,20192020,Sergei Bobrovsky,FLA,G,5on5,50,137569.0,101.06,111.0,2113.0,76.2,128.0,272.05,283.0,1133.36,1173.0,36.9,29.0,626.69,452.0,469.9,578.0,97.5,1164.0,330.0,91.0,34.0,41.97,25.08,47.0,44.0,20.0,528.0,0.0,0.0
8475683,20192020,Sergei Bobrovsky,FLA,G,4on5,50,12406.0,26.47,28.0,382.0,18.52,26.0,44.69,50.0,210.64,218.0,1.28,0.0,127.5,105.0,66.71,75.0,24.57,199.0,59.0,33.0,5.04,7.43,13.99,6.0,7.0,15.0,91.0,0.0,0.0
8475683,20192020,Sergei Bobrovsky,FLA,G,5on4,50,13818.0,4.52,3.0,68.0,2.3,2.0,5.76,2.0,45.64,51.0,6.98,10.0,14.29,15.0,32.68,39.0,4.35,39.0,15.0,7.0,1.04,1.85,1.63,0.0,1.0,2.0,7.0,0.0,0.0
8477180,20192020,Aaron Dell,S.J,G,other,33,2529.0,5.41,6.0,81.0,3.09,2.0,8.07,8.0,41.19,47.0,0.78,0.0,24.91,22.0,14.1,19.0,4.83,36.0,13.0,8.0,1.45,1.57,2.39,3.0,1.0,2.0,24.0,0.0,0.0
8477180,20192020,Aaron Dell,S.J,G,all,33,110081.0,90.41,92.0,1742.0,68.08,82.0,220.22,182.0,960.39,985.0,29.37,27.0,536.3,426.0,389.68,525.0,86.22,980.0,267.0,89.0,30.19,32.56,27.66,30.0,32.0,30.0,406.0,0.0,0.0
8477180,20192020,Aaron Dell,S.J,G,5on5,33,91657.0,65.56,69.0,1413.0,51.65,66.0,183.38,154.0,769.96,780.0,23.51,22.0,425.32,338.0,318.03,417.0,63.13,798.0,213.0,58.0,24.48,25.8,15.28,26.0,27.0,16.0,344.0,0.0,0.0
8477180,20192020,Aaron Dell,S.J,G,4on5,33,8571.0,16.35,15.0,211.0,11.98,13.0,25.34,18.0,124.44,130.0,0.7,0.0,78.09,62.0,41.14,66.0,15.2,126.0,33.0,18.0,3.7,4.18,8.46,1.0,4.0,10.0,34.0,0.0,0.0
8477180,20192020,Aaron Dell,S.J,G,5on4,33,7324.0,2.52,2.0,32.0,1.16,0.0,2.84,2.0,21.65,24.0,4.19,5.0,6.83,4.0,15.0,21.0,2.52,18.0,7.0,4.0,0.43,0.9,1.19,0.0,0.0,2.0,3.0,0.0,0.0
8480382,20192020,Alexandar Georgiev,NYR,G,other,34,3019.0,7.79,10.0,95.0,4.12,6.0,10.88,13.0,54.3,53.0,0.69,1.0,31.42,24.0,18.88,20.0,7.14,48.0,18.0,9.0,1.73,2.37,3.69,3.0,3.0,4.0,20.0,0.0,0.0
8480382,20192020,Alexandar Georgiev,NYR,G,all,34,113484.0,95.92,96.0,1959.0,74.84,85.0,245.33,239.0,1060.29,1062.0,30.41,37.0,603.68,512.0,428.65,513.0,92.36,1121.0,270.0,94.0,32.75,33.29,29.88,38.0,36.0,22.0,474.0,0.0,0.0
8480382,20192020,Alexandar Georgiev,NYR,G,5on5,34,90646.0,64.73,65.0,1492.0,51.91,65.0,191.59,187.0,793.67,795.0,23.98,30.0,444.03,362.0,330.21,401.0,62.93,860.0,190.0,60.0,24.52,23.44,16.77,29.0,27.0,9.0,382.0,0.0,0.0
8480382,20192020,Alexandar Georgiev,NYR,G,4on5,34,10471.0,20.43,19.0,329.0,17.34,14.0,38.94,35.0,185.1,181.0,0.9,1.0,118.91,119.0,61.14,69.0,19.34,186.0,56.0,21.0,5.78,6.73,7.92,5.0,5.0,9.0,66.0,0.0,0.0
8480382,20192020,Alexandar Georgiev,NYR,G,5on4,34,9348.0,2.32,2.0,38.0,1.34,0.0,3.46,4.0,24.11,31.0,4.82,5.0,8.02,5.0,17.07,21.0,2.3,24.0,6.0,3.0,0.63,0.75,0.95,1.0,1.0,0.0,5.0,0.0,0.0
8476343,20192020,Garret Sparks,VGK,G,other,1,0.0,0.0,0.0,0.0,0.0,0.0,0.0,0.0,0.0,0.0,0.0,0.0,0.0,0.0,0.0,0.0,0.0,0.0,0.0,0.0,0.0,0.0,0.0,0.0,0.0,0.0,0.0,0.0,0.0
8476343,20192020,Garret Sparks,VGK,G,all,1,1644.0,0.45,2.0,23.0,0.8,1.0,2.5,1.0,10.3,14.0,0.39,0.0,6.98,6.0,4.84,6.0,0.45,15.0,1.0,0.0,0.34,0.11,0.0,2.0,0.0,0.0,7.0,0.0,0.0
8476343,20192020,Garret Sparks,VGK,G,5on5,1,1382.0,0.3,1.0,17.0,0.49,0.0,1.88,0.0,6.96,10.0,0.32,0.0,4.69,6.0,3.35,4.0,0.29,11.0,0.0,0.0,0.3,0.0,0.0,1.0,0.0,0.0,6.0,0.0,0.0
8476343,20192020,Garret Sparks,VGK,G,4on5,1,120.0,0.03,0.0,4.0,0.15,0.0,0.4,1.0,2.2,3.0,0.0,0.0,1.65,0.0,0.71,2.0,0.03,3.0,0.0,0.0,0.03,0.0,0.0,0.0,0.0,0.0,1.0,0.0,0.0
8476343,20192020,Garret Sparks,VGK,G,5on4,1,142.0,0.12,1.0,2.0,0.16,1.0,0.23,0.0,1.15,1.0,0.07,0.0,0.64,0.0,0.79,0.0,0.12,1.0,1.0,0.0,0.01,0.11,0.0,1.0,0.0,0.0,0.0,0.0,0.0
8477968,20192020,Alex Nedeljkovic,CAR,G,other,4,257.0,0.12,1.0,5.0,0.13,0.0,0.42,1.0,2.1,2.0,0.07,0.0,0.96,0.0,1.3,1.0,0.12,3.0,0.0,0.0,0.12,0.0,0.0,1.0,0.0,0.0,2.0,0.0,0.0
8477968,20192020,Alex Nedeljkovic,CAR,G,all,4,12979.0,8.66,11.0,170.0,6.32,9.0,20.64,18.0,91.63,97.0,3.98,0.0,51.18,31.0,39.19,58.0,8.39,90.0,31.0,8.0,2.64,3.45,2.57,3.0,4.0,4.0,41.0,0.0,0.0
8477968,20192020,Alex Nedeljkovic,CAR,G,5on5,4,10362.0,6.35,9.0,132.0,4.77,7.0,16.82,14.0,72.92,76.0,3.18,0.0,40.54,24.0,31.18,46.0,6.14,74.0,22.0,6.0,2.08,2.54,1.73,2.0,4.0,3.0,30.0,0.0,0.0
8477968,20192020,Alex Nedeljkovic,CAR,G,4on5,4,1508.0,1.99,1.0,30.0,1.34,2.0,3.09,3.0,14.43,18.0,0.21,0.0,9.03,6.0,5.03,9.0,1.92,11.0,8.0,2.0,0.33,0.81,0.84,0.0,0.0,1.0,9.0,0.0,0.0
8477968,20192020,Alex Nedeljkovic,CAR,G,5on4,4,852.0,0.2,0.0,3.0,0.08,0.0,0.32,0.0,2.17,1.0,0.52,0.0,0.65,1.0,1.68,2.0,0.2,2.0,1.0,0.0,0.11,0.09,0.0,0.0,0.0,0.0,0.0,0.0,0.0
8477361,20192020,Calvin Petersen,L.A,G,other,8,941.0,2.6,1.0,29.0,1.34,1.0,3.24,4.0,16.1,18.0,0.25,1.0,10.08,10.0,4.21,7.0,2.5,16.0,3.0,4.0,0.67,0.46,1.47,1.0,0.0,0.0,6.0,0.0,0.0
8477361,20192020,Calvin Petersen,L.A,G,all,8,28642.0,27.29,21.0,483.0,19.23,30.0,63.81,74.0,278.25,270.0,7.95,9.0,154.58,126.0,109.99,130.0,26.18,269.0,90.0,27.0,8.09,10.99,8.21,5.0,10.0,6.0,97.0,0.0,0.0
8477361,20192020,Calvin Petersen,L.A,G,5on5,8,23417.0,19.57,17.0,379.0,14.07,22.0,50.81,60.0,217.28,210.0,6.28,6.0,119.27,93.0,89.27,104.0,19.05,210.0,75.0,16.0,6.3,8.92,4.35,4.0,9.0,4.0,78.0,0.0,0.0
8477361,20192020,Calvin Petersen,L.A,G,4on5,8,2376.0,4.48,3.0,67.0,3.55,7.0,9.1,9.0,38.72,34.0,0.25,0.0,23.39,21.0,12.07,14.0,4.0,38.0,10.0,6.0,1.01,1.35,2.12,0.0,1.0,2.0,13.0,0.0,0.0
8477361,20192020,Calvin Petersen,L.A,G,5on4,8,1908.0,0.64,0.0,8.0,0.27,0.0,0.66,1.0,6.16,8.0,1.16,2.0,1.84,2.0,4.44,5.0,0.64,5.0,2.0,1.0,0.11,0.26,0.27,0.0,0.0,0.0,0.0,0.0,0.0
8475717,20192020,Calvin Pickard,DET,G,other,3,260.0,0.3,0.0,5.0,0.21,0.0,0.79,2.0,3.04,4.0,0.05,0.0,1.36,0.0,1.24,2.0,0.3,3.0,0.0,1.0,0.07,0.0,0.23,0.0,0.0,0.0,1.0,0.0,0.0
8475717,20192020,Calvin Pickard,DET,G,all,3,9893.0,7.87,15.0,127.0,5.36,9.0,16.8,10.0,71.62,74.0,2.98,3.0,39.5,33.0,26.02,29.0,7.68,65.0,23.0,10.0,2.04,2.84,2.99,4.0,6.0,5.0,29.0,0.0,0.0
8475717,20192020,Calvin Pickard,DET,G,5on5,3,8295.0,6.58,13.0,107.0,4.32,8.0,14.19,8.0,59.2,59.0,2.4,2.0,32.12,27.0,21.72,25.0,6.44,54.0,18.0,9.0,1.67,2.16,2.75,4.0,4.0,5.0,26.0,0.0,0.0
8475717,20192020,Calvin Pickard,DET,G,4on5,3,630.0,0.99,2.0,14.0,0.83,1.0,1.82,0.0,9.38,11.0,0.07,0.0,6.02,6.0,3.06,2.0,0.94,8.0,5.0,0.0,0.31,0.68,0.0,0.0,2.0,0.0,1.0,0.0,0.0
8475717,20192020,Calvin Pickard,DET,G,5on4,3,708.0,0.0,0.0,1.0,0.0,0.0,0.0,0.0,0.0,0.0,0.46,1.0,0.0,0.0,0.0,0.0,0.0,0.0,0.0,0.0,0.0,0.0,0.0,0.0,0.0,0.0,1.0,0.0,0.0
8477967,20192020,Thatcher Demko,VAN,G,other,27,3110.0,4.62,5.0,62.0,2.85,4.0,7.12,9.0,37.14,42.0,0.7,0.0,20.6,12.0,14.54,21.0,4.45,28.0,18.0,6.0,0.99,2.05,1.58,0.0,3.0,2.0,10.0,0.0,0.0
8477967,20192020,Thatcher Demko,VAN,G,all,27,91780.0,70.96,75.0,1490.0,54.67,60.0,173.69,190.0,767.56,804.0,24.76,23.0,432.51,328.0,313.43,392.0,68.31,787.0,213.0,72.0,23.89,25.87,21.2,23.0,28.0,24.0,418.0,0.0,0.0
8477967,20192020,Thatcher Demko,VAN,G,5on5,27,74601.0,52.86,57.0,1191.0,40.28,43.0,142.95,146.0,606.36,628.0,20.48,18.0,337.69,253.0,251.11,323.0,51.11,638.0,158.0,49.0,20.1,19.32,13.44,21.0,21.0,15.0,346.0,0.0,0.0
8477967,20192020,Thatcher Demko,VAN,G,4on5,27,6661.0,11.45,12.0,203.0,10.42,13.0,20.85,31.0,102.52,109.0,0.38,0.0,66.96,60.0,32.61,27.0,10.72,102.0,30.0,14.0,2.39,3.53,5.53,2.0,3.0,7.0,57.0,0.0,0.0
8477967,20192020,Thatcher Demko,VAN,G,5on4,27,7408.0,2.03,1.0,34.0,1.12,0.0,2.78,4.0,21.54,25.0,3.21,5.0,7.26,3.0,15.17,21.0,2.03,19.0,7.0,3.0,0.41,0.97,0.65,0.0,1.0,0.0,5.0,0.0,0.0
8473575,20192020,Semyon Varlamov,NYI,G,other,45,3668.0,7.67,11.0,120.0,4.38,3.0,11.9,11.0,61.87,68.0,1.45,2.0,36.38,25.0,22.39,33.0,7.32,59.0,17.0,9.0,2.2,2.09,3.37,3.0,4.0,4.0,35.0,0.0,0.0
8473575,20192020,Semyon Varlamov,NYI,G,all,45,150785.0,113.16,111.0,2567.0,88.1,95.0,302.74,261.0,1311.81,1277.0,37.9,44.0,752.65,574.0,549.27,757.0,108.77,1427.0,320.0,103.0,37.95,38.25,36.97,36.0,41.0,34.0,717.0,0.0,0.0
8473575,20192020,Semyon Varlamov,NYI,G,5on5,45,126365.0,80.09,79.0,2096.0,69.05,75.0,255.56,216.0,1069.53,1028.0,30.86,37.0,613.59,460.0,458.91,638.0,78.09,1195.0,254.0,64.0,31.37,30.36,18.36,30.0,31.0,18.0,583.0,0.0,0.0
8473575,20192020,Semyon Varlamov,NYI,G,4on5,45,10456.0,22.38,17.0,306.0,13.29,17.0,31.45,32.0,152.29,151.0,0.75,0.0,93.66,84.0,49.02,60.0,20.35,149.0,38.0,28.0,3.76,4.38,14.24,2.0,4.0,11.0,91.0,0.0,0.0
8473575,20192020,Semyon Varlamov,NYI,G,5on4,45,10296.0,2.38,3.0,40.0,1.13,0.0,3.42,2.0,24.93,26.0,4.82,5.0,7.57,3.0,17.8,25.0,2.36,22.0,10.0,1.0,0.57,1.3,0.51,1.0,2.0,0.0,7.0,0.0,0.0
8470860,20192020,Jaroslav Halak,BOS,G,other,31,3491.0,9.46,7.0,110.0,4.32,6.0,11.99,7.0,63.78,60.0,1.59,5.0,32.29,27.0,25.91,37.0,8.33,49.0,26.0,11.0,2.03,3.19,4.24,2.0,2.0,3.0,24.0,0.0,0.0
8470860,20192020,Jaroslav Halak,BOS,G,all,31,110001.0,82.32,74.0,1660.0,61.68,59.0,210.58,208.0,917.11,906.0,30.79,41.0,507.38,390.0,382.12,509.0,78.62,946.0,248.0,80.0,26.73,30.38,25.22,29.0,25.0,20.0,386.0,0.0,0.0
8470860,20192020,Jaroslav Halak,BOS,G,5on5,31,90337.0,56.44,55.0,1321.0,46.38,38.0,173.27,177.0,723.92,715.0,23.78,34.0,407.52,314.0,305.65,401.0,55.06,781.0,190.0,42.0,21.55,23.23,11.67,24.0,22.0,9.0,308.0,0.0,0.0
8470860,20192020,Jaroslav Halak,BOS,G,4on5,31,7965.0,13.14,11.0,184.0,9.34,12.0,20.82,20.0,98.53,97.0,0.71,0.0,58.18,39.0,30.26,49.0,12.26,88.0,27.0,20.0,2.31,3.4,7.43,2.0,1.0,8.0,49.0,0.0,0.0
8470860,20192020,Jaroslav Halak,BOS,G,5on4,31,8208.0,3.23,1.0,42.0,1.52,3.0,4.25,4.0,29.47,32.0,4.65,2.0,8.42,9.0,19.73,21.0,2.91,26.0,5.0,7.0,0.78,0.57,1.88,1.0,0.0,0.0,4.0,0.0,0.0
8473503,20192020,James Reimer,CAR,G,other,25,2197.0,5.97,4.0,85.0,3.47,2.0,8.62,6.0,43.82,40.0,0.94,2.0,25.74,26.0,15.67,23.0,4.8,38.0,14.0,9.0,1.73,1.63,2.61,0.0,1.0,3.0,24.0,0.0,0.0
8473503,20192020,James Reimer,CAR,G,all,25,82703.0,65.96,61.0,1274.0,49.26,56.0,163.57,163.0,710.21,712.0,23.07,22.0,392.31,304.0,281.99,360.0,62.36,706.0,213.0,60.0,21.13,26.69,18.14,16.0,23.0,22.0,295.0,2.0,1.0
8473503,20192020,James Reimer,CAR,G,5on5,25,66268.0,45.43,43.0,978.0,35.57,46.0,129.29,125.0,543.16,540.0,18.1,16.0,296.71,232.0,220.65,270.0,43.86,554.0,156.0,37.0,16.05,19.49,9.89,13.0,17.0,13.0,231.0,2.0,1.0
8473503,20192020,James Reimer,CAR,G,4on5,25,7925.0,13.16,12.0,185.0,9.43,7.0,23.04,29.0,106.58,113.0,0.84,0.0,63.74,43.0,34.17,54.0,12.32,97.0,38.0,13.0,2.9,4.83,5.43,3.0,3.0,6.0,37.0,0.0,0.0
8473503,20192020,James Reimer,CAR,G,5on4,25,6313.0,1.09,2.0,18.0,0.57,1.0,1.47,1.0,11.52,15.0,3.0,4.0,3.82,2.0,8.66,9.0,1.07,11.0,4.0,1.0,0.24,0.64,0.21,0.0,2.0,0.0,2.0,0.0,0.0
8480925,20192020,Pavel Francouz,COL,G,other,34,4279.0,4.28,4.0,84.0,3.39,2.0,8.95,9.0,44.88,45.0,1.27,2.0,28.9,24.0,16.0,23.0,4.18,50.0,11.0,3.0,1.98,1.4,0.91,1.0,2.0,1.0,20.0,0.0,0.0
8480925,20192020,Pavel Francouz,COL,G,all,34,112433.0,77.01,77.0,1801.0,65.04,74.0,222.82,273.0,952.96,996.0,31.91,32.0,536.44,395.0,396.14,474.0,73.99,1041.0,215.0,74.0,28.22,26.83,21.96,27.0,29.0,21.0,471.0,2.0,1.0
8480925,20192020,Pavel Francouz,COL,G,5on5,34,90723.0,57.04,60.0,1414.0,47.93,58.0,181.04,231.0,745.7,790.0,25.18,29.0,416.06,290.0,313.29,373.0,55.21,828.0,158.0,54.0,22.28,19.84,14.92,25.0,22.0,13.0,374.0,0.0,0.0
8480925,20192020,Pavel Francouz,COL,G,4on5,34,7693.0,12.48,10.0,241.0,11.77,13.0,27.03,29.0,124.55,121.0,0.69,1.0,78.76,72.0,40.7,45.0,11.39,124.0,37.0,14.0,2.85,4.5,5.13,0.0,4.0,6.0,66.0,0.0,0.0
8480925,20192020,Pavel Francouz,COL,G,5on4,34,9738.0,2.51,0.0,53.0,1.51,1.0,4.76,4.0,32.16,34.0,4.64,0.0,10.58,9.0,23.61,29.0,2.5,35.0,7.0,2.0,0.92,0.84,0.75,0.0,0.0,0.0,9.0,2.0,1.0
