player_id,season,player,team,position,situation,gp,toi,xGoals,goals,unblocked_shot_attempts,xRebounds,rebounds,xFreeze,freeze,xOnGoal,shots,xPlayStopped,playStopped,xPlayContinuedInZone,playContinuedInZone,xPlayContinuedOutsideZone,playContinuedOutsideZone,flurryAdjustedxGoals,ldsc,mdsc,hdsc,ldsc_xg,mdsc_xg,hdsc_xg,ldsc_g,mdsc_g,hdsc_g,blocked_shot_attempts,pim,penalties
8478048,20232024,Igor Shesterkin,NYR,G,other,21,2112.0,4.03,1.0,62.0,2.4,7.0,6.12,0.0,29.17,28.0,0.82,1.0,16.04,19.0,8.41,11.0,3.76,24.0,6.0,8.0,0.94,0.65,2.44,0.0,0.0,1.0,24.0,0.0,0.0
8478048,20232024,Igor Shesterkin,NYR,G,all,21,74143.0,65.37,57.0,1258.0,44.64,82.0,161.64,27.0,657.1,620.0,22.22,3.0,351.33,382.0,253.66,343.0,60.58,660.0,161.0,78.0,19.02,20.15,26.19,21.0,17.0,19.0,359.0,2.0,1.0
8478048,20232024,Igor Shesterkin,NYR,G,5on5,21,59557.0,41.86,43.0,981.0,32.7,58.0,131.09,22.0,510.66,484.0,16.6,2.0,272.1,295.0,202.96,273.0,40.19,536.0,120.0,42.0,14.8,15.41,11.65,20.0,12.0,11.0,283.0,2.0,1.0
8478048,20232024,Igor Shesterkin,NYR,G,4on5,21,6406.0,17.74,11.0,183.0,8.47,16.0,21.17,5.0,97.06,86.0,0.55,0.0,55.15,61.0,29.16,41.0,15.02,80.0,29.0,26.0,2.71,3.43,11.6,1.0,3.0,7.0,48.0,0.0,0.0
8478048,20232024,Igor Shesterkin,NYR,G,5on4,21,6068.0,1.02,2.0,23.0,0.65,0.0,1.92,0.0,14.45,17.0,4.2,0.0,4.88,2.0,11.01,16.0,1.0,15.0,4.0,1.0,0.33,0.48,0.21,0.0,2.0,0.0,3.0,0.0,0.0
8477967,20232024,Thatcher Demko,VAN,G,other,25,2778.0,7.36,4.0,74.0,3.22,8.0,7.78,0.0,40.29,37.0,1.0,1.0,21.23,28.0,12.9,14.0,6.76,28.0,16.0,10.0,1.09,2.19,4.08,1.0,1.0,2.0,20.0,0.0,0.0
8477967,20232024,Thatcher Demko,VAN,G,all,25,89186.0,73.82,61.0,1401.0,53.1,90.0,182.75,37.0,755.61,733.0,24.34,4.0,406.53,486.0,295.65,361.0,70.64,759.0,186.0,93.0,20.35,23.58,29.89,18.0,18.0,25.0,363.0,0.0,0.0
8477967,20232024,Thatcher Demko,VAN,G,5on5,25,70708.0,51.34,41.0,1061.0,37.11,68.0,144.41,29.0,567.17,538.0,18.61,3.0,301.39,357.0,227.14,283.0,49.58,581.0,138.0,62.0,15.74,17.61,17.99,16.0,12.0,13.0,280.0,0.0,0.0
8477967,20232024,Thatcher Demko,VAN,G,4on5,25,7745.0,12.97,16.0,232.0,11.68,12.0,27.04,8.0,126.0,136.0,0.63,0.0,76.34,91.0,39.77,45.0,12.22,129.0,26.0,17.0,3.06,3.24,6.67,1.0,5.0,10.0,60.0,0.0,0.0
8477967,20232024,Thatcher Demko,VAN,G,5on4,25,7955.0,2.16,0.0,34.0,1.09,2.0,3.5,0.0,22.14,22.0,4.11,0.0,7.57,10.0,15.83,19.0,2.08,21.0,6.0,4.0,0.46,0.55,1.15,0.0,0.0,0.0,3.0,0.0,0.0
8478872,20232024,Karel Vejmelka,ARI,G,other,16,1827.0,5.81,6.0,52.0,2.28,3.0,5.17,3.0,29.82,30.0,0.61,0.0,16.15,16.0,9.56,12.0,5.02,17.0,13.0,10.0,0.59,1.68,3.53,3.0,1.0,2.0,12.0,0.0,0.0
8478872,20232024,Karel Vejmelka,ARI,G,all,16,53890.0,43.87,45.0,880.0,31.28,40.0,112.21,20.0,468.91,459.0,13.34,1.0,254.71,277.0,188.94,260.0,41.49,477.0,127.0,43.0,13.71,15.49,14.68,17.0,14.0,14.0,233.0,0.0,0.0
8478872,20232024,Karel Vejmelka,ARI,G,5on5,16,43613.0,30.39,29.0,688.0,23.15,33.0,91.36,13.0,363.29,351.0,10.71,0.0,195.75,210.0,148.98,213.0,29.05,380.0,95.0,27.0,10.74,11.63,8.02,12.0,9.0,8.0,186.0,0.0,0.0
8478872,20232024,Karel Vejmelka,ARI,G,4on5,16,3757.0,6.75,8.0,120.0,5.28,4.0,13.87,4.0,62.58,64.0,0.1,0.0,38.91,49.0,20.96,22.0,6.49,67.0,15.0,6.0,1.97,1.66,3.13,1.0,3.0,4.0,32.0,0.0,0.0
8478872,20232024,Karel Vejmelka,ARI,G,5on4,16,4693.0,0.92,2.0,20.0,0.57,0.0,1.82,0.0,13.22,14.0,1.92,1.0,3.89,2.0,9.44,13.0,0.92,13.0,4.0,0.0,0.41,0.51,0.0,1.0,1.0,0.0,3.0,0.0,0.0
8479979,20232024,Jake Oettinger,DAL,G,other,21,2452.0,5.63,2.0,79.0,3.45,4.0,10.02,2.0,46.97,47.0,0.68,0.0,26.97,30.0,16.31,25.0,5.29,39.0,19.0,6.0,1.59,2.14,1.9,0.0,2.0,0.0,15.0,0.0,0.0
8479979,20232024,Jake Oettinger,DAL,G,all,21,72417.0,57.1,59.0,1144.0,42.07,45.0,144.27,40.0,616.49,597.0,22.39,3.0,335.6,374.0,243.72,320.0,55.16,604.0,180.0,59.0,16.41,21.78,18.91,17.0,26.0,16.0,301.0,2.0,1.0
8479979,20232024,Jake Oettinger,DAL,G,5on5,21,58566.0,37.66,47.0,852.0,28.42,33.0,110.34,26.0,448.7,421.0,17.57,3.0,239.22,265.0,182.62,239.0,36.67,451.0,124.0,38.0,11.89,15.28,10.49,15.0,23.0,9.0,239.0,2.0,1.0
8479979,20232024,Jake Oettinger,DAL,G,4on5,21,6038.0,13.08,10.0,193.0,9.74,8.0,21.71,10.0,107.28,115.0,0.69,0.0,65.25,77.0,34.73,42.0,12.46,98.0,35.0,15.0,2.43,4.13,6.52,2.0,1.0,7.0,45.0,0.0,0.0
8479979,20232024,Jake Oettinger,DAL,G,5on4,21,5361.0,0.73,0.0,20.0,0.47,0.0,2.2,2.0,13.54,14.0,3.45,0.0,4.15,2.0,10.06,14.0,0.73,16.0,2.0,0.0,0.5,0.23,0.0,0.0,0.0,0.0,2.0,0.0,0.0
8477968,20232024,Alex Nedeljkovic,PIT,G,other,10,1092.0,2.83,2.0,39.0,1.67,1.0,5.21,2.0,24.51,23.0,0.78,0.0,13.12,16.0,9.43,12.0,2.75,21.0,10.0,2.0,0.94,1.28,0.62,1.0,1.0,0.0,6.0,0.0,0.0
8477968,20232024,Alex Nedeljkovic,PIT,G,all,10,35429.0,29.77,26.0,641.0,22.79,30.0,84.08,25.0,343.43,315.0,10.88,3.0,186.89,222.0,138.91,168.0,27.47,364.0,85.0,25.0,10.68,10.44,8.66,9.0,12.0,5.0,167.0,0.0,0.0
8477968,20232024,Alex Nedeljkovic,PIT,G,5on5,10,27920.0,19.41,19.0,493.0,16.41,27.0,66.56,21.0,258.42,230.0,8.06,2.0,140.17,165.0,105.56,122.0,18.65,283.0,60.0,14.0,7.95,7.33,4.13,8.0,9.0,2.0,136.0,0.0,0.0
8477968,20232024,Alex Nedeljkovic,PIT,G,4on5,10,3214.0,6.79,5.0,90.0,4.05,2.0,10.39,2.0,48.81,49.0,0.12,0.0,29.22,39.0,15.02,19.0,5.34,46.0,12.0,9.0,1.38,1.51,3.91,0.0,2.0,3.0,23.0,0.0,0.0
8477968,20232024,Alex Nedeljkovic,PIT,G,5on4,10,3203.0,0.74,0.0,19.0,0.66,0.0,1.92,0.0,11.7,13.0,1.92,1.0,4.39,2.0,8.89,15.0,0.73,14.0,3.0,0.0,0.41,0.32,0.0,0.0,0.0,0.0,2.0,0.0,0.0
8476999,20232024,Linus Ullmark,BOS,G,other,17,2443.0,6.83,7.0,77.0,4.04,8.0,9.35,3.0,46.49,45.0,1.16,0.0,27.75,30.0,12.38,12.0,6.2,33.0,19.0,10.0,1.42,2.44,2.97,2.0,2.0,3.0,15.0,0.0,0.0
8476999,20232024,Linus Ullmark,BOS,G,all,17,60206.0,54.92,48.0,1064.0,40.28,66.0,136.09,40.0,578.16,551.0,17.35,7.0,314.44,349.0,225.85,281.0,51.89,582.0,145.0,64.0,17.52,18.56,18.84,15.0,15.0,18.0,273.0,0.0,0.0
8476999,20232024,Linus Ullmark,BOS,G,5on5,17,48721.0,36.29,31.0,823.0,27.98,41.0,107.61,31.0,435.8,409.0,12.91,6.0,237.17,271.0,178.32,223.0,34.97,462.0,104.0,36.0,13.47,13.3,9.52,11.0,10.0,10.0,221.0,0.0,0.0
8476999,20232024,Linus Ullmark,BOS,G,4on5,17,5254.0,9.71,8.0,136.0,7.19,16.0,16.29,6.0,76.47,76.0,0.44,0.0,42.85,42.0,23.33,30.0,8.69,71.0,16.0,15.0,2.14,2.04,5.53,2.0,1.0,5.0,34.0,0.0,0.0
8476999,20232024,Linus Ullmark,BOS,G,5on4,17,3788.0,1.26,2.0,20.0,0.68,0.0,1.88,0.0,14.22,17.0,2.66,1.0,4.08,5.0,9.73,11.0,1.22,12.0,4.0,2.0,0.27,0.53,0.46,0.0,2.0,0.0,2.0,0.0,0.0
8478009,20232024,Ilya Sorokin,NYI,G,other,22,2684.0,8.81,10.0,108.0,4.39,12.0,12.42,6.0,59.29,56.0,0.7,0.0,32.0,27.0,19.24,24.0,6.76,49.0,17.0,13.0,1.84,2.06,4.91,3.0,2.0,5.0,29.0,0.0,0.0
8478009,20232024,Ilya Sorokin,NYI,G,all,22,79386.0,77.6,72.0,1601.0,54.65,92.0,202.6,51.0,821.45,794.0,22.92,1.0,439.05,524.0,319.91,382.0,72.75,861.0,161.0,100.0,22.41,20.32,34.87,27.0,20.0,25.0,479.0,0.0,0.0
8478009,20232024,Ilya Sorokin,NYI,G,5on5,22,66354.0,50.51,42.0,1269.0,40.14,64.0,164.22,38.0,634.99,611.0,19.29,1.0,341.39,421.0,254.96,307.0,48.64,697.0,118.0,58.0,18.2,14.97,17.34,22.0,12.0,8.0,396.0,0.0,0.0
8478009,20232024,Ilya Sorokin,NYI,G,4on5,22,5503.0,15.14,19.0,184.0,8.65,13.0,20.91,5.0,99.83,98.0,0.42,0.0,56.61,65.0,30.41,33.0,14.58,91.0,20.0,24.0,1.68,2.48,10.99,2.0,5.0,12.0,49.0,0.0,0.0
8478009,20232024,Ilya Sorokin,NYI,G,5on4,22,4845.0,1.51,0.0,25.0,0.73,2.0,3.02,1.0,16.76,18.0,2.23,0.0,5.2,7.0,10.94,12.0,1.21,19.0,0.0,3.0,0.53,0.0,0.98,0.0,0.0,0.0,3.0,0.0,0.0
8478039,20232024,Kaapo Kahkonen,SJS,G,other,16,1202.0,3.29,1.0,54.0,1.75,3.0,4.53,2.0,23.34,19.0,0.45,0.0,13.77,13.0,7.94,11.0,2.8,20.0,8.0,4.0,0.92,0.94,1.43,0.0,0.0,1.0,22.0,0.0,0.0
8478039,20232024,Kaapo Kahkonen,SJS,G,all,16,49467.0,55.8,51.0,1006.0,37.09,56.0,121.49,28.0,532.3,500.0,11.9,4.0,292.09,346.0,207.23,244.0,52.4,534.0,130.0,67.0,17.27,16.1,22.43,22.0,18.0,11.0,275.0,2.0,1.0
8478039,20232024,Kaapo Kahkonen,SJS,G,5on5,16,41903.0,38.8,37.0,802.0,28.28,43.0,100.54,26.0,419.85,399.0,9.95,4.0,232.57,286.0,166.04,185.0,36.67,440.0,95.0,45.0,13.82,11.97,13.02,20.0,14.0,3.0,222.0,2.0,1.0
8478039,20232024,Kaapo Kahkonen,SJS,G,4on5,16,3511.0,11.95,11.0,125.0,6.3,8.0,14.07,0.0,72.18,65.0,0.2,0.0,40.8,45.0,21.57,32.0,11.23,58.0,24.0,15.0,1.92,2.86,7.17,1.0,3.0,7.0,28.0,0.0,0.0
8478039,20232024,Kaapo Kahkonen,SJS,G,5on4,16,2851.0,1.75,2.0,25.0,0.76,2.0,2.35,0.0,16.93,17.0,1.31,0.0,4.95,2.0,11.68,16.0,1.71,16.0,3.0,3.0,0.62,0.33,0.81,1.0,1.0,0.0,3.0,0.0,0.0
8476434,20232024,John Gibson,ANA,G,other,22,2634.0,4.74,4.0,56.0,2.24,4.0,6.4,1.0,31.49,28.0,0.76,2.0,16.71,15.0,10.75,18.0,3.75,24.0,12.0,6.0,0.89,1.38,2.46,3.0,1.0,0.0,14.0,0.0,0.0
8476434,20232024,John Gibson,ANA,G,all,22,73169.0,61.62,57.0,1239.0,45.91,72.0,155.51,39.0,650.9,616.0,20.54,5.0,355.45,362.0,254.49,361.0,58.28,651.0,178.0,66.0,17.72,22.56,21.34,19.0,22.0,16.0,344.0,0.0,0.0
8476434,20232024,John Gibson,ANA,G,5on5,22,56690.0,41.8,36.0,888.0,30.52,52.0,116.27,25.0,465.1,441.0,16.18,3.0,247.77,262.0,188.06,262.0,40.07,472.0,120.0,48.0,13.23,15.26,13.32,10.0,18.0,8.0,248.0,0.0,0.0
8476434,20232024,John Gibson,ANA,G,4on5,22,8213.0,12.83,16.0,266.0,12.27,15.0,30.71,12.0,138.32,136.0,0.77,0.0,85.77,80.0,45.64,68.0,12.26,145.0,38.0,9.0,3.26,4.72,4.84,5.0,3.0,8.0,74.0,0.0,0.0
8476434,20232024,John Gibson,ANA,G,5on4,22,5632.0,1.85,1.0,23.0,0.64,1.0,1.43,0.0,12.27,9.0,2.57,0.0,3.55,2.0,8.15,12.0,1.83,7.0,6.0,3.0,0.19,0.95,0.71,1.0,0.0,0.0,7.0,0.0,0.0
8480280,20232024,Jeremy Swayman,BOS,G,other,17,2676.0,5.51,6.0,87.0,3.35,5.0,8.84,4.0,41.33,37.0,0.63,1.0,25.05,25.0,13.62,16.0,4.87,32.0,19.0,7.0,0.96,2.14,2.4,1.0,3.0,2.0,29.0,0.0,0.0
8480280,20232024,Jeremy Swayman,BOS,G,all,17,59678.0,48.47,36.0,1030.0,37.05,52.0,129.62,46.0,539.13,508.0,17.51,8.0,291.67,315.0,211.72,275.0,46.18,550.0,129.0,58.0,14.35,16.02,18.1,12.0,10.0,14.0,293.0,0.0,0.0
8480280,20232024,Jeremy Swayman,BOS,G,5on5,17,46165.0,31.27,21.0,756.0,25.07,39.0,101.48,34.0,396.9,371.0,13.85,7.0,212.21,235.0,159.42,205.0,30.12,427.0,81.0,35.0,11.2,10.22,9.86,9.0,4.0,8.0,213.0,0.0,0.0
8480280,20232024,Jeremy Swayman,BOS,G,4on5,17,5744.0,8.84,8.0,152.0,7.29,5.0,15.42,8.0,77.95,78.0,0.5,0.0,46.24,52.0,24.76,31.0,8.38,72.0,23.0,10.0,1.73,2.93,4.17,1.0,3.0,4.0,47.0,0.0,0.0
8480280,20232024,Jeremy Swayman,BOS,G,5on4,17,5093.0,2.07,0.0,27.0,0.97,2.0,2.68,0.0,17.24,16.0,2.53,0.0,5.56,1.0,11.12,19.0,2.05,15.0,3.0,5.0,0.3,0.4,1.37,0.0,0.0,0.0,4.0,0.0,0.0
8476945,20232024,Connor Hellebuyck,WPG,G,other,25,2253.0,5.39,6.0,75.0,3.08,6.0,6.73,0.0,35.59,32.0,0.9,0.0,21.33,18.0,10.11,18.0,4.96,28.0,9.0,11.0,1.09,1.2,3.09,2.0,0.0,4.0,27.0,0.0,0.0
8476945,20232024,Connor Hellebuyck,WPG,G,all,25,90293.0,71.39,59.0,1417.0,52.72,88.0,180.52,27.0,751.09,717.0,25.62,4.0,408.51,457.0,294.74,400.0,67.39,777.0,165.0,91.0,21.09,20.88,29.42,16.0,15.0,28.0,384.0,0.0,0.0
8476945,20232024,Connor Hellebuyck,WPG,G,5on5,25,72060.0,47.62,33.0,1077.0,36.92,66.0,143.03,21.0,566.51,543.0,20.49,4.0,305.71,348.0,227.77,310.0,45.08,605.0,121.0,54.0,16.7,15.23,15.69,12.0,11.0,10.0,297.0,0.0,0.0
8476945,20232024,Connor Hellebuyck,WPG,G,4on5,25,7384.0,16.15,18.0,225.0,11.44,16.0,26.8,4.0,122.34,119.0,0.66,0.0,73.04,84.0,38.58,48.0,15.13,120.0,26.0,24.0,2.75,3.3,10.09,1.0,3.0,14.0,55.0,0.0,0.0
8476945,20232024,Connor Hellebuyck,WPG,G,5on4,25,8596.0,2.1,2.0,39.0,1.21,0.0,3.86,1.0,25.76,22.0,3.48,0.0,8.11,7.0,17.95,24.0,2.09,24.0,8.0,2.0,0.55,1.01,0.54,1.0,1.0,0.0,5.0,0.0,0.0
8477293,20232024,Antti Raanta,CAR,G,other,14,834.0,1.23,4.0,17.0,0.52,1.0,1.58,0.0,8.24,9.0,0.27,1.0,3.61,2.0,3.81,4.0,1.18,6.0,3.0,2.0,0.26,0.31,0.66,1.0,2.0,1.0,6.0,0.0,0.0
8477293,20232024,Antti Raanta,CAR,G,all,14,44928.0,35.57,45.0,562.0,21.35,43.0,77.6,16.0,321.5,310.0,16.87,5.0,163.07,161.0,123.85,165.0,34.14,297.0,87.0,48.0,8.62,10.76,16.19,16.0,14.0,15.0,130.0,0.0,0.0
8477293,20232024,Antti Raanta,CAR,G,5on5,14,36340.0,25.71,28.0,463.0,17.3,36.0,66.53,15.0,265.37,253.0,13.31,2.0,136.07,133.0,102.54,143.0,24.48,253.0,70.0,34.0,7.45,8.74,9.53,13.0,11.0,4.0,106.0,0.0,0.0
8477293,20232024,Antti Raanta,CAR,G,4on5,14,2925.0,7.47,11.0,68.0,2.91,5.0,8.01,1.0,37.52,38.0,0.38,0.0,20.35,23.0,11.08,11.0,7.33,30.0,11.0,10.0,0.69,1.25,5.52,2.0,0.0,9.0,17.0,0.0,0.0
8477293,20232024,Antti Raanta,CAR,G,5on4,14,4829.0,1.16,2.0,14.0,0.61,1.0,1.48,0.0,10.37,10.0,2.91,2.0,3.05,3.0,6.43,7.0,1.15,8.0,3.0,2.0,0.22,0.45,0.49,0.0,1.0,1.0,1.0,0.0,0.0
8480947,20232024,Kevin Lankinen,NSH,G,other,10,585.0,1.1,2.0,14.0,0.34,2.0,1.26,0.0,6.25,7.0,0.18,0.0,2.67,1.0,2.43,3.0,1.0,5.0,1.0,2.0,0.19,0.17,0.74,1.0,0.0,1.0,6.0,0.0,0.0
8480947,20232024,Kevin Lankinen,NSH,G,all,10,30794.0,25.75,27.0,491.0,17.67,28.0,64.61,13.0,262.81,271.0,9.63,3.0,139.7,158.0,102.41,133.0,24.61,263.0,67.0,29.0,8.13,8.21,9.41,8.0,9.0,10.0,132.0,0.0,0.0
8480947,20232024,Kevin Lankinen,NSH,G,5on5,10,25075.0,18.52,16.0,400.0,13.69,18.0,53.81,12.0,212.01,221.0,7.82,3.0,113.53,138.0,84.27,107.0,17.92,215.0,59.0,17.0,6.49,7.01,5.02,3.0,8.0,5.0,109.0,0.0,0.0
8480947,20232024,Kevin Lankinen,NSH,G,4on5,10,2269.0,5.58,9.0,69.0,3.41,8.0,8.75,1.0,38.91,37.0,0.11,0.0,21.96,17.0,11.98,18.0,5.15,38.0,6.0,9.0,1.34,0.86,3.38,4.0,1.0,4.0,16.0,0.0,0.0
8480947,20232024,Kevin Lankinen,NSH,G,5on4,10,2865.0,0.55,0.0,8.0,0.24,0.0,0.79,0.0,5.64,6.0,1.53,0.0,1.54,2.0,3.73,5.0,0.55,5.0,1.0,1.0,0.11,0.17,0.27,0.0,0.0,0.0,1.0,0.0,0.0
8479496,20232024,David Rittich,LAK,G,other,2,155.0,0.55,0.0,6.0,0.24,1.0,0.5,0.0,2.42,3.0,0.01,0.0,1.07,1.0,0.54,1.0,0.43,1.0,0.0,2.0,0.03,0.0,0.51,0.0,0.0,0.0,3.0,0.0,0.0
8479496,20232024,David Rittich,LAK,G,all,2,7200.0,5.0,2.0,103.0,3.56,4.0,11.45,1.0,47.75,41.0,2.82,0.0,26.41,32.0,17.98,26.0,4.71,45.0,13.0,8.0,1.4,1.45,2.15,1.0,1.0,0.0,37.0,0.0,0.0
8479496,20232024,David Rittich,LAK,G,5on5,2,6082.0,3.6,1.0,83.0,2.58,2.0,9.28,1.0,37.33,33.0,2.37,0.0,20.88,28.0,14.41,19.0,3.42,37.0,10.0,5.0,1.14,1.09,1.37,0.0,1.0,0.0,31.0,0.0,0.0
8479496,20232024,David Rittich,LAK,G,4on5,2,504.0,0.74,1.0,13.0,0.7,1.0,1.55,0.0,7.27,5.0,0.1,0.0,4.25,3.0,2.51,5.0,0.74,7.0,2.0,1.0,0.24,0.24,0.27,1.0,0.0,0.0,3.0,0.0,0.0
8479496,20232024,David Rittich,LAK,G,5on4,2,459.0,0.12,0.0,1.0,0.04,0.0,0.11,0.0,0.73,0.0,0.34,0.0,0.2,0.0,0.52,1.0,0.12,0.0,1.0,0.0,0.0,0.12,0.0,0.0,0.0,0.0,0.0,0.0,0.0
8481611,20232024,Pyotr Kochetkov,CAR,G,other,19,1471.0,1.82,1.0,30.0,1.09,1.0,3.51,0.0,16.46,14.0,0.26,0.0,8.43,11.0,6.61,9.0,1.79,11.0,9.0,2.0,0.37,0.94,0.51,0.0,1.0,0.0,8.0,0.0,1.0
8481611,20232024,Pyotr Kochetkov,CAR,G,all,19,62546.0,42.03,46.0,832.0,29.77,48.0,110.13,24.0,445.34,454.0,20.06,3.0,234.94,254.0,177.04,233.0,40.44,442.0,121.0,46.0,12.43,15.49,14.1,15.0,21.0,10.0,223.0,2.0,2.0
8481611,20232024,Pyotr Kochetkov,CAR,G,5on5,19,50930.0,30.56,35.0,676.0,22.97,38.0,92.03,20.0,357.1,359.0,16.83,3.0,189.33,210.0,142.84,183.0,29.38,372.0,87.0,31.0,10.3,11.35,8.91,13.0,15.0,7.0,186.0,2.0,1.0
8481611,20232024,Pyotr Kochetkov,CAR,G,4on5,19,5534.0,7.12,6.0,91.0,4.56,8.0,11.57,4.0,51.43,58.0,0.68,0.0,29.85,28.0,15.21,24.0,6.8,45.0,15.0,10.0,1.38,1.95,3.79,1.0,2.0,3.0,21.0,0.0,0.0
8481611,20232024,Pyotr Kochetkov,CAR,G,5on4,19,4611.0,1.73,4.0,23.0,0.81,0.0,2.09,0.0,16.17,20.0,2.28,0.0,4.74,1.0,11.19,16.0,1.73,12.0,7.0,2.0,0.33,0.88,0.52,1.0,3.0,0.0,2.0,0.0,0.0
8474593,20232024,Jacob Markstrom,CGY,G,other,20,2273.0,3.34,2.0,64.0,2.74,2.0,7.27,0.0,32.74,22.0,1.06,1.0,19.01,21.0,10.46,19.0,3.28,31.0,9.0,4.0,0.92,1.08,1.33,0.0,0.0,2.0,20.0,0.0,0.0
8474593,20232024,Jacob Markstrom,CGY,G,all,20,71665.0,60.2,54.0,1165.0,43.05,73.0,144.32,45.0,607.56,564.0,22.71,8.0,321.37,348.0,235.29,302.0,57.66,589.0,162.0,74.0,16.72,20.23,23.24,24.0,16.0,14.0,340.0,0.0,0.0
8474593,20232024,Jacob Markstrom,CGY,G,5on5,20,56773.0,41.67,42.0,901.0,30.52,51.0,113.58,37.0,457.64,435.0,17.12,7.0,241.41,257.0,182.08,235.0,39.96,455.0,121.0,49.0,12.84,15.17,13.65,24.0,13.0,5.0,276.0,0.0,0.0
8474593,20232024,Jacob Markstrom,CGY,G,4on5,20,5452.0,11.88,7.0,162.0,8.4,17.0,19.5,6.0,91.07,84.0,0.6,0.0,53.09,64.0,27.01,29.0,11.15,85.0,24.0,14.0,2.5,2.97,6.42,0.0,2.0,5.0,39.0,0.0,0.0
8474593,20232024,Jacob Markstrom,CGY,G,5on4,20,7167.0,2.67,3.0,33.0,1.1,2.0,3.28,1.0,23.01,22.0,3.83,0.0,6.5,5.0,14.8,18.0,2.64,18.0,5.0,6.0,0.46,0.63,1.57,0.0,1.0,2.0,4.0,0.0,0.0
8479193,20232024,Casey DeSmith,VAN,G,other,11,1214.0,4.07,6.0,36.0,1.88,2.0,3.83,1.0,21.55,21.0,0.32,0.0,13.37,12.0,6.05,9.0,3.77,16.0,6.0,8.0,0.62,0.69,2.76,1.0,1.0,4.0,6.0,0.0,0.0
8479193,20232024,Casey DeSmith,VAN,G,all,11,36921.0,30.08,25.0,641.0,23.13,41.0,80.12,12.0,327.26,313.0,10.07,1.0,176.58,198.0,128.69,174.0,28.5,333.0,81.0,36.0,9.05,10.25,10.78,9.0,4.0,12.0,191.0,0.0,0.0
8479193,20232024,Casey DeSmith,VAN,G,5on5,11,29811.0,20.06,15.0,514.0,16.56,32.0,65.13,10.0,251.89,241.0,7.16,1.0,135.17,155.0,101.41,135.0,19.29,271.0,53.0,23.0,6.94,6.79,6.34,7.0,2.0,6.0,167.0,0.0,0.0
8479193,20232024,Casey DeSmith,VAN,G,4on5,11,2290.0,5.08,4.0,73.0,4.08,7.0,9.13,1.0,41.71,40.0,0.17,0.0,23.62,28.0,12.59,16.0,4.66,34.0,17.0,5.0,1.25,2.15,1.68,1.0,1.0,2.0,17.0,0.0,0.0
8479193,20232024,Casey DeSmith,VAN,G,5on4,11,3606.0,0.73,0.0,17.0,0.55,0.0,1.93,0.0,11.47,11.0,2.35,0.0,4.06,3.0,8.34,13.0,0.62,12.0,4.0,0.0,0.25,0.48,0.0,0.0,0.0,0.0,1.0,0.0,0.0
8470594,20232024,Marc-Andre Fleury,MIN,G,other,13,1033.0,1.58,1.0,30.0,1.26,1.0,3.96,0.0,17.22,17.0,0.48,0.0,10.19,14.0,6.37,8.0,1.45,18.0,5.0,1.0,0.71,0.64,0.23,0.0,1.0,0.0,6.0,0.0,0.0
8470594,20232024,Marc-Andre Fleury,MIN,G,all,13,46696.0,36.35,41.0,723.0,26.13,32.0,90.16,11.0,383.15,382.0,14.31,4.0,213.22,235.0,153.15,206.0,34.93,400.0,100.0,32.0,12.18,12.17,12.0,20.0,12.0,9.0,191.0,2.0,1.0
8470594,20232024,Marc-Andre Fleury,MIN,G,5on5,13,37496.0,22.3,21.0,554.0,18.38,20.0,69.87,11.0,283.21,280.0,10.03,2.0,158.86,174.0,117.0,163.0,21.8,312.0,66.0,18.0,9.3,8.1,4.89,12.0,7.0,2.0,158.0,2.0,1.0
8470594,20232024,Marc-Andre Fleury,MIN,G,4on5,13,3295.0,11.17,15.0,117.0,5.86,11.0,14.46,0.0,69.36,71.0,0.37,0.0,40.21,46.0,20.9,23.0,10.39,59.0,24.0,12.0,1.81,2.73,6.62,6.0,2.0,7.0,22.0,0.0,0.0
8470594,20232024,Marc-Andre Fleury,MIN,G,5on4,13,4872.0,1.11,3.0,19.0,0.49,0.0,1.58,0.0,11.7,12.0,3.41,2.0,3.31,1.0,8.19,11.0,1.11,10.0,4.0,1.0,0.33,0.53,0.26,2.0,1.0,0.0,4.0,0.0,0.0
8473503,20232024,James Reimer,DET,G,other,12,1065.0,2.51,3.0,38.0,1.73,2.0,5.33,1.0,24.52,26.0,0.58,0.0,10.89,16.0,10.72,10.0,2.5,23.0,6.0,3.0,0.93,0.7,0.89,1.0,1.0,1.0,6.0,4.0,2.0
8473503,20232024,James Reimer,DET,G,all,12,40062.0,30.3,38.0,649.0,23.96,34.0,88.64,29.0,360.5,342.0,11.6,0.0,194.12,202.0,145.06,191.0,29.47,375.0,87.0,32.0,10.46,10.64,9.2,13.0,16.0,9.0,155.0,4.0,2.0
8473503,20232024,James Reimer,DET,G,5on5,12,32377.0,21.79,30.0,501.0,17.42,24.0,70.86,24.0,279.65,263.0,8.53,0.0,151.23,150.0,113.51,156.0,21.25,300.0,62.0,22.0,8.26,7.58,5.94,11.0,13.0,6.0,117.0,0.0,0.0
8473503,20232024,James Reimer,DET,G,4on5,12,2979.0,5.08,5.0,95.0,4.43,6.0,11.09,4.0,47.24,44.0,0.25,0.0,29.47,35.0,14.3,16.0,4.82,44.0,17.0,5.0,1.12,2.08,1.88,1.0,2.0,2.0,29.0,0.0,0.0
8473503,20232024,James Reimer,DET,G,5on4,12,3641.0,0.93,0.0,15.0,0.38,2.0,1.37,0.0,9.09,9.0,2.25,0.0,2.52,1.0,6.53,9.0,0.9,8.0,2.0,2.0,0.15,0.28,0.5,0.0,0.0,0.0,3.0,0.0,0.0
8482411,20232024,Hunter Shepard,WSH,G,other,2,365.0,0.29,0.0,12.0,0.49,0.0,1.16,0.0,5.24,5.0,0.05,0.0,4.12,7.0,1.71,1.0,0.15,8.0,0.0,0.0,0.29,0.0,0.0,0.0,0.0,0.0,4.0,0.0,0.0
8482411,20232024,Hunter Shepard,WSH,G,all,2,7200.0,5.6,5.0,156.0,4.55,8.0,16.8,2.0,69.71,59.0,1.76,1.0,39.54,50.0,29.06,33.0,5.33,78.0,11.0,9.0,2.06,1.32,2.22,1.0,3.0,1.0,58.0,0.0,0.0
8482411,20232024,Hunter Shepard,WSH,G,5on5,2,6205.0,5.29,5.0,138.0,4.0,8.0,15.5,2.0,64.18,54.0,1.38,1.0,35.01,42.0,27.02,32.0,5.17,69.0,11.0,9.0,1.76,1.32,2.22,1.0,3.0,1.0,49.0,0.0,0.0
8482411,20232024,Hunter Shepard,WSH,G,4on5,2,240.0,0.0,0.0,5.0,0.0,0.0,0.0,0.0,0.0,0.0,0.0,0.0,0.0,0.0,0.0,0.0,0.0,0.0,0.0,0.0,0.0,0.0,0.0,0.0,0.0,0.0,5.0,0.0,0.0
8482411,20232024,Hunter Shepard,WSH,G,5on4,2,390.0,0.01,0.0,1.0,0.07,0.0,0.14,0.0,0.3,0.0,0.33,0.0,0.41,1.0,0.32,0.0,0.01,1.0,0.0,0.0,0.01,0.0,0.0,0.0,0.0,0.0,0.0,0.0,0.0
8475717,20232024,Calvin Pickard,EDM,G,other,5,305.0,0.74,1.0,6.0,0.31,1.0,0.72,0.0,4.01,5.0,0.08,0.0,1.96,1.0,1.15,2.0,0.63,2.0,2.0,1.0,0.1,0.28,0.36,1.0,0.0,0.0,1.0,0.0,0.0
8475717,20232024,Calvin Pickard,EDM,G,all,5,16835.0,12.71,14.0,266.0,9.03,12.0,33.73,11.0,134.14,137.0,5.04,0.0,72.17,71.0,52.56,75.0,12.23,140.0,30.0,15.0,3.94,3.91,4.86,7.0,4.0,3.0,81.0,2.0,1.0
8475717,20232024,Calvin Pickard,EDM,G,5on5,5,13692.0,9.41,11.0,220.0,7.41,10.0,29.16,10.0,111.79,113.0,4.3,0.0,60.12,56.0,44.75,66.0,9.22,119.0,25.0,11.0,3.44,3.21,2.77,5.0,4.0,2.0,65.0,2.0,1.0
8475717,20232024,Calvin Pickard,EDM,G,4on5,5,1547.0,2.51,2.0,37.0,1.25,1.0,3.6,1.0,16.86,18.0,0.1,0.0,9.66,13.0,5.48,6.0,2.33,17.0,3.0,3.0,0.36,0.42,1.73,1.0,0.0,1.0,14.0,0.0,0.0
8475717,20232024,Calvin Pickard,EDM,G,5on4,5,1291.0,0.05,0.0,3.0,0.06,0.0,0.24,0.0,1.48,1.0,0.56,0.0,0.43,1.0,1.18,1.0,0.05,2.0,0.0,0.0,0.05,0.0,0.0,0.0,0.0,0.0,1.0,0.0,0.0
8476316,20232024,Laurent Brossoit,WPG,G,other,8,519.0,1.36,1.0,29.0,1.23,1.0,3.5,1.0,14.27,14.0,0.24,1.0,7.7,10.0,4.63,6.0,1.0,15.0,2.0,2.0,0.5,0.18,0.69,1.0,0.0,0.0,10.0,0.0,0.0
8476316,20232024,Laurent Brossoit,WPG,G,all,8,28851.0,21.08,20.0,476.0,16.87,26.0,61.63,16.0,243.33,225.0,8.83,4.0,132.61,154.0,95.35,119.0,19.96,260.0,53.0,23.0,6.87,6.51,7.7,8.0,7.0,5.0,140.0,0.0,0.0
8476316,20232024,Laurent Brossoit,WPG,G,5on5,8,24587.0,16.75,14.0,378.0,12.71,25.0,50.7,12.0,194.28,182.0,7.69,2.0,103.72,120.0,77.4,97.0,16.02,206.0,44.0,18.0,5.7,5.53,5.53,7.0,4.0,3.0,110.0,0.0,0.0
8476316,20232024,Laurent Brossoit,WPG,G,4on5,8,1925.0,2.76,5.0,64.0,2.73,0.0,6.88,3.0,30.97,26.0,0.15,0.0,19.99,23.0,10.58,12.0,2.74,35.0,6.0,3.0,0.57,0.7,1.49,0.0,3.0,2.0,20.0,0.0,0.0
8476316,20232024,Laurent Brossoit,WPG,G,5on4,8,1820.0,0.2,0.0,5.0,0.21,0.0,0.54,0.0,3.81,3.0,0.75,1.0,1.21,1.0,2.74,4.0,0.2,4.0,1.0,0.0,0.1,0.1,0.0,0.0,0.0,0.0,0.0,0.0,0.0
8477424,20232024,Juuse Saros,NSH,G,other,28,2539.0,6.65,5.0,62.0,2.97,6.0,6.41,1.0,35.68,30.0,0.87,0.0,20.25,19.0,9.5,16.0,6.06,21.0,16.0,10.0,0.76,1.85,4.04,1.0,1.0,3.0,15.0,0.0,0.0
8477424,20232024,Juuse Saros,NSH,G,all,28,92977.0,72.64,76.0,1523.0,55.94,77.0,197.01,38.0,808.32,798.0,25.95,2.0,431.26,527.0,315.99,381.0,69.83,830.0,191.0,80.0,22.41,23.64,26.59,28.0,22.0,26.0,422.0,0.0,0.0
8477424,20232024,Juuse Saros,NSH,G,5on5,28,73263.0,50.77,53.0,1188.0,40.24,56.0,159.87,31.0,624.13,617.0,19.21,1.0,328.5,408.0,250.75,302.0,49.16,648.0,152.0,52.0,17.33,19.11,14.32,26.0,18.0,9.0,336.0,0.0,0.0
8477424,20232024,Juuse Saros,NSH,G,4on5,28,8580.0,13.1,16.0,239.0,11.74,15.0,27.3,6.0,125.5,126.0,0.83,0.0,75.31,91.0,40.2,44.0,12.48,135.0,22.0,15.0,3.32,2.57,7.21,1.0,3.0,12.0,67.0,0.0,0.0
8477424,20232024,Juuse Saros,NSH,G,5on4,28,8595.0,1.88,2.0,29.0,0.82,0.0,2.83,0.0,20.09,23.0,4.95,1.0,5.92,7.0,13.96,17.0,1.88,23.0,0.0,3.0,0.86,0.0,1.02,0.0,0.0,2.0,3.0,0.0,0.0
8476883,20232024,Andrei Vasilevskiy,TBL,G,other,14,1049.0,4.13,1.0,43.0,2.12,5.0,4.11,1.0,20.45,21.0,0.29,0.0,10.72,12.0,4.11,6.0,3.57,9.0,9.0,8.0,0.28,1.22,2.63,0.0,1.0,0.0,17.0,0.0,0.0
8476883,20232024,Andrei Vasilevskiy,TBL,G,all,14,49232.0,43.59,38.0,856.0,29.3,46.0,101.27,16.0,429.03,410.0,14.16,1.0,230.32,258.0,164.85,222.0,39.8,422.0,110.0,52.0,12.33,13.78,17.48,17.0,14.0,7.0,272.0,0.0,0.0
8476883,20232024,Andrei Vasilevskiy,TBL,G,5on5,14,40777.0,27.87,25.0,686.0,21.46,35.0,84.02,12.0,339.56,323.0,10.74,1.0,183.77,208.0,136.28,183.0,26.71,360.0,76.0,29.0,10.27,9.23,8.37,13.0,9.0,3.0,221.0,0.0,0.0
8476883,20232024,Andrei Vasilevskiy,TBL,G,4on5,14,3947.0,9.65,10.0,105.0,4.72,5.0,10.83,3.0,53.03,50.0,0.91,0.0,29.98,32.0,15.05,21.0,7.63,40.0,19.0,13.0,1.2,2.5,5.95,4.0,3.0,3.0,33.0,0.0,0.0
8476883,20232024,Andrei Vasilevskiy,TBL,G,5on4,14,3459.0,1.54,2.0,15.0,0.7,1.0,1.43,0.0,10.9,11.0,2.18,0.0,3.32,2.0,6.69,9.0,1.5,7.0,5.0,2.0,0.31,0.7,0.53,0.0,1.0,1.0,1.0,0.0,0.0
8480992,20232024,Magnus Chrona,SJS,G,other,1,94.0,0.02,0.0,1.0,0.03,0.0,0.15,0.0,0.77,1.0,0.0,0.0,0.29,0.0,0.49,1.0,0.02,1.0,0.0,0.0,0.02,0.0,0.0,0.0,0.0,0.0,0.0,0.0,0.0
8480992,20232024,Magnus Chrona,SJS,G,all,1,1830.0,2.26,4.0,32.0,1.4,2.0,3.87,0.0,17.36,17.0,0.39,0.0,8.03,10.0,6.79,7.0,2.22,15.0,5.0,3.0,0.43,0.86,0.96,1.0,1.0,2.0,9.0,0.0,0.0
8480992,20232024,Magnus Chrona,SJS,G,5on5,1,1254.0,2.05,3.0,25.0,1.13,2.0,3.41,0.0,14.5,14.0,0.27,0.0,6.46,9.0,5.38,5.0,2.01,12.0,4.0,3.0,0.39,0.7,0.96,0.0,1.0,2.0,6.0,0.0,0.0
8480992,20232024,Magnus Chrona,SJS,G,4on5,1,240.0,0.03,1.0,5.0,0.21,0.0,0.21,0.0,1.31,1.0,0.04,0.0,1.07,1.0,0.44,0.0,0.03,2.0,0.0,0.0,0.03,0.0,0.0,1.0,0.0,0.0,3.0,0.0,0.0
8480992,20232024,Magnus Chrona,SJS,G,5on4,1,242.0,0.16,0.0,1.0,0.03,0.0,0.1,0.0,0.78,1.0,0.09,0.0,0.21,0.0,0.47,1.0,0.16,0.0,1.0,0.0,0.0,0.16,0.0,0.0,0.0,0.0,0.0,0.0,0.0
8480045,20232024,Ukko-Pekka Luukkonen,BUF,G,other,17,805.0,1.8,2.0,22.0,0.98,1.0,2.58,0.0,12.51,10.0,0.28,0.0,6.56,5.0,4.63,9.0,1.7,9.0,5.0,3.0,0.34,0.65,0.81,0.0,1.0,1.0,5.0,0.0,0.0
8480045,20232024,Ukko-Pekka Luukkonen,BUF,G,all,17,54895.0,44.97,50.0,939.0,33.87,46.0,118.03,20.0,483.96,456.0,15.42,3.0,265.26,297.0,187.22,252.0,42.94,478.0,143.0,45.0,13.98,18.52,12.46,24.0,16.0,10.0,273.0,4.0,2.0
8480045,20232024,Ukko-Pekka Luukkonen,BUF,G,5on5,17,45794.0,35.55,40.0,745.0,25.48,38.0,97.67,16.0,387.71,359.0,13.25,2.0,206.98,233.0,151.91,203.0,34.02,378.0,119.0,34.0,10.82,15.3,9.43,20.0,12.0,8.0,214.0,4.0,2.0
8480045,20232024,Ukko-Pekka Luukkonen,BUF,G,4on5,17,4645.0,6.44,7.0,157.0,6.78,7.0,16.3,4.0,73.95,78.0,0.24,0.0,48.05,57.0,24.01,29.0,6.04,83.0,15.0,6.0,2.71,2.05,1.68,4.0,2.0,1.0,53.0,0.0,0.0
8480045,20232024,Ukko-Pekka Luukkonen,BUF,G,5on4,17,3651.0,1.17,1.0,15.0,0.63,0.0,1.49,0.0,9.79,9.0,1.66,1.0,3.68,2.0,6.68,11.0,1.17,8.0,4.0,2.0,0.11,0.52,0.54,0.0,1.0,0.0,1.0,0.0,0.0
8479361,20232024,Joseph Woll,TOR,G,other,15,724.0,2.33,0.0,35.0,1.4,1.0,3.57,0.0,17.48,18.0,0.4,0.0,9.15,15.0,5.92,7.0,2.21,11.0,10.0,2.0,0.35,1.15,0.82,0.0,0.0,0.0,12.0,0.0,0.0
8479361,20232024,Joseph Woll,TOR,G,all,15,52793.0,48.44,41.0,960.0,35.31,57.0,121.68,47.0,504.0,491.0,15.37,5.0,265.26,289.0,196.18,246.0,46.28,492.0,136.0,56.0,13.73,16.49,18.23,15.0,14.0,12.0,276.0,0.0,0.0
8479361,20232024,Joseph Woll,TOR,G,5on5,15,44431.0,34.15,33.0,761.0,26.42,45.0,98.64,39.0,392.53,375.0,11.86,5.0,208.05,218.0,155.4,199.0,32.7,394.0,108.0,34.0,11.19,13.22,9.74,15.0,11.0,7.0,225.0,0.0,0.0
8479361,20232024,Joseph Woll,TOR,G,4on5,15,4045.0,9.18,6.0,125.0,5.98,9.0,15.12,5.0,69.15,67.0,0.36,0.0,39.15,46.0,21.26,25.0,8.71,67.0,10.0,16.0,1.5,1.11,6.56,0.0,1.0,5.0,32.0,0.0,0.0
8479361,20232024,Joseph Woll,TOR,G,5on4,15,3593.0,0.82,1.0,17.0,0.56,0.0,1.58,2.0,10.79,13.0,2.39,0.0,3.36,1.0,7.34,10.0,0.82,11.0,2.0,1.0,0.22,0.28,0.32,0.0,1.0,0.0,3.0,0.0,0.0
8479312,20232024,Alex Lyon,DET,G,other,7,609.0,0.79,0.0,13.0,0.4,1.0,1.02,1.0,5.35,6.0,0.3,0.0,3.25,3.0,2.29,3.0,0.72,4.0,3.0,1.0,0.19,0.31,0.28,0.0,0.0,0.0,5.0,0.0,0.0
8479312,20232024,Alex Lyon,DET,G,all,7,21890.0,17.98,13.0,379.0,12.78,18.0,47.2,11.0,196.24,190.0,5.59,0.0,106.35,123.0,79.19,103.0,16.83,210.0,44.0,16.0,5.09,5.42,7.47,4.0,4.0,5.0,109.0,0.0,0.0
8479312,20232024,Alex Lyon,DET,G,5on5,7,16575.0,10.48,6.0,292.0,9.58,13.0,38.23,8.0,149.24,143.0,3.66,0.0,81.08,96.0,59.76,79.0,10.01,161.0,37.0,6.0,4.09,4.67,1.73,3.0,3.0,0.0,88.0,0.0,0.0
8479312,20232024,Alex Lyon,DET,G,4on5,7,2105.0,6.37,7.0,61.0,2.47,4.0,6.7,2.0,32.98,32.0,0.17,0.0,19.21,20.0,10.17,13.0,5.76,34.0,3.0,9.0,0.63,0.27,5.47,1.0,1.0,5.0,15.0,0.0,0.0
8479312,20232024,Alex Lyon,DET,G,5on4,7,2601.0,0.35,0.0,13.0,0.33,0.0,1.25,0.0,8.67,9.0,1.45,0.0,2.82,4.0,6.97,8.0,0.35,11.0,1.0,0.0,0.18,0.16,0.0,0.0,0.0,0.0,1.0,0.0,0.0
8474596,20232024,Jake Allen,MTL,G,other,12,1033.0,2.91,6.0,33.0,1.66,3.0,4.4,2.0,23.94,25.0,0.45,0.0,12.4,10.0,8.85,9.0,2.82,17.0,12.0,2.0,0.7,1.56,0.66,2.0,3.0,1.0,2.0,0.0,0.0
8474596,20232024,Jake Allen,MTL,G,all,12,40905.0,41.0,39.0,764.0,29.23,45.0,96.83,22.0,404.2,407.0,10.67,3.0,217.15,256.0,154.94,185.0,38.59,396.0,108.0,49.0,11.68,13.99,15.33,17.0,13.0,9.0,211.0,2.0,1.0
8474596,20232024,Jake Allen,MTL,G,5on5,12,32340.0,28.59,24.0,596.0,20.8,34.0,77.25,16.0,307.56,303.0,8.18,2.0,165.57,201.0,121.16,144.0,27.26,315.0,73.0,36.0,9.03,9.59,9.97,13.0,7.0,4.0,172.0,2.0,1.0
8474596,20232024,Jake Allen,MTL,G,4on5,12,3902.0,7.87,8.0,122.0,6.19,6.0,13.4,4.0,62.65,67.0,0.27,1.0,36.11,42.0,19.32,25.0,7.05,57.0,20.0,8.0,1.77,2.5,3.6,2.0,3.0,3.0,37.0,0.0,0.0
8474596,20232024,Jake Allen,MTL,G,5on4,12,3630.0,1.64,1.0,13.0,0.58,2.0,1.78,0.0,10.04,12.0,1.78,0.0,3.06,3.0,5.61,7.0,1.46,7.0,3.0,3.0,0.19,0.35,1.1,0.0,0.0,1.0,0.0,0.0,0.0
8480193,20232024,Daniil Tarasov,CBJ,G,other,3,376.0,0.97,2.0,6.0,0.26,0.0,0.6,0.0,3.73,4.0,0.14,0.0,1.81,3.0,1.24,0.0,0.83,3.0,0.0,2.0,0.21,0.0,0.76,1.0,0.0,1.0,1.0,0.0,0.0
8480193,20232024,Daniil Tarasov,CBJ,G,all,3,10650.0,9.32,13.0,173.0,6.22,8.0,21.13,5.0,91.64,88.0,2.94,0.0,48.67,53.0,36.55,44.0,8.89,95.0,16.0,14.0,3.08,2.03,4.21,9.0,1.0,3.0,48.0,0.0,0.0
8480193,20232024,Daniil Tarasov,CBJ,G,5on5,3,8584.0,6.97,8.0,138.0,4.77,8.0,18.09,5.0,73.15,67.0,2.25,0.0,39.04,41.0,28.58,36.0,6.71,75.0,15.0,10.0,2.42,1.94,2.61,6.0,1.0,1.0,38.0,0.0,0.0
8480193,20232024,Daniil Tarasov,CBJ,G,4on5,3,658.0,1.24,2.0,22.0,1.03,0.0,1.93,0.0,10.61,11.0,0.07,0.0,6.38,8.0,3.12,4.0,1.21,11.0,1.0,2.0,0.3,0.09,0.84,1.0,0.0,1.0,8.0,0.0,0.0
8480193,20232024,Daniil Tarasov,CBJ,G,5on4,3,1032.0,0.14,1.0,7.0,0.17,0.0,0.51,0.0,4.16,6.0,0.48,0.0,1.43,1.0,3.62,4.0,0.14,6.0,0.0,0.0,0.14,0.0,0.0,1.0,0.0,0.0,1.0,0.0,0.0
8471734,20232024,Jonathan Quick,NYR,G,other,12,1115.0,3.49,0.0,41.0,1.67,2.0,4.79,0.0,23.87,13.0,0.41,0.0,13.1,18.0,8.18,12.0,3.24,18.0,10.0,4.0,0.81,1.08,1.59,0.0,0.0,0.0,9.0,0.0,0.0
8471734,20232024,Jonathan Quick,NYR,G,all,12,41249.0,36.32,26.0,692.0,24.95,44.0,88.58,17.0,366.03,328.0,12.3,1.0,194.84,230.0,143.84,182.0,34.86,358.0,102.0,41.0,10.17,12.58,13.58,9.0,10.0,7.0,191.0,4.0,2.0
8471734,20232024,Jonathan Quick,NYR,G,5on5,12,33591.0,24.89,23.0,537.0,18.5,37.0,71.22,14.0,282.44,260.0,9.84,1.0,148.83,168.0,113.86,143.0,24.07,284.0,78.0,25.0,8.11,9.78,7.0,9.0,10.0,4.0,150.0,2.0,1.0
8471734,20232024,Jonathan Quick,NYR,G,4on5,12,3503.0,7.13,3.0,101.0,4.31,5.0,11.61,3.0,52.17,47.0,0.23,0.0,30.55,40.0,16.63,21.0,6.75,51.0,9.0,12.0,1.1,1.04,4.98,0.0,0.0,3.0,29.0,2.0,1.0
8471734,20232024,Jonathan Quick,NYR,G,5on4,12,3040.0,0.81,0.0,13.0,0.46,0.0,0.96,0.0,7.56,8.0,1.82,0.0,2.36,4.0,5.17,6.0,0.8,5.0,5.0,0.0,0.14,0.67,0.0,0.0,0.0,0.0,3.0,0.0,0.0
8480981,20232024,Joel Hofer,STL,G,other,13,1376.0,2.38,0.0,30.0,1.1,0.0,2.6,2.0,15.34,10.0,0.62,1.0,8.72,12.0,4.73,6.0,2.21,12.0,5.0,3.0,0.53,0.61,1.23,0.0,0.0,0.0,10.0,0.0,0.0
8480981,20232024,Joel Hofer,STL,G,all,13,38188.0,31.41,29.0,626.0,23.51,35.0,84.34,33.0,347.01,331.0,10.83,2.0,189.85,207.0,137.25,171.0,30.34,367.0,78.0,33.0,10.7,9.53,11.18,9.0,14.0,6.0,148.0,2.0,1.0
8480981,20232024,Joel Hofer,STL,G,5on5,13,31604.0,23.39,21.0,538.0,19.23,33.0,74.33,28.0,293.72,286.0,8.35,1.0,161.46,177.0,119.64,146.0,22.66,323.0,64.0,21.0,9.45,7.82,6.12,9.0,12.0,0.0,130.0,2.0,1.0
8480981,20232024,Joel Hofer,STL,G,4on5,13,1864.0,4.98,8.0,48.0,2.91,2.0,6.56,3.0,32.19,28.0,0.26,0.0,18.04,17.0,9.46,13.0,4.81,27.0,8.0,8.0,0.57,0.94,3.47,0.0,2.0,6.0,5.0,0.0,0.0
8480981,20232024,Joel Hofer,STL,G,5on4,13,3344.0,0.66,0.0,10.0,0.28,0.0,0.85,0.0,5.76,7.0,1.6,0.0,1.64,1.0,3.41,6.0,0.66,5.0,1.0,1.0,0.15,0.15,0.35,0.0,0.0,0.0,3.0,0.0,0.0
8481033,20232024,Akira Schmid,NJD,G,other,15,1843.0,4.13,5.0,53.0,2.32,4.0,6.78,1.0,32.31,34.0,0.55,0.0,17.11,19.0,11.61,14.0,3.91,26.0,12.0,5.0,1.0,1.31,1.82,1.0,2.0,2.0,10.0,0.0,0.0
8481033,20232024,Akira Schmid,NJD,G,all,15,45332.0,37.09,41.0,700.0,26.31,43.0,91.11,16.0,391.65,383.0,13.59,3.0,208.44,230.0,155.13,200.0,35.56,373.0,119.0,39.0,10.4,14.64,12.04,10.0,18.0,13.0,169.0,2.0,1.0
8481033,20232024,Akira Schmid,NJD,G,5on5,15,35931.0,25.9,28.0,529.0,18.78,32.0,71.34,14.0,296.79,288.0,10.99,3.0,153.78,166.0,120.4,159.0,24.93,287.0,86.0,27.0,7.61,10.92,7.38,8.0,13.0,7.0,129.0,2.0,1.0
8481033,20232024,Akira Schmid,NJD,G,4on5,15,3769.0,6.63,8.0,109.0,4.91,7.0,11.86,1.0,55.82,55.0,0.33,0.0,35.45,42.0,18.31,21.0,6.3,53.0,19.0,7.0,1.58,2.2,2.85,1.0,3.0,4.0,30.0,0.0,0.0
8481033,20232024,Akira Schmid,NJD,G,5on4,15,3789.0,0.42,0.0,9.0,0.3,0.0,1.13,0.0,6.72,6.0,1.72,0.0,2.11,3.0,4.82,6.0,0.42,7.0,2.0,0.0,0.21,0.21,0.0,0.0,0.0,0.0,0.0,0.0,0.0
8482221,20232024,Devon Levi,BUF,G,other,16,1801.0,5.9,5.0,60.0,2.34,8.0,5.89,2.0,31.28,30.0,1.03,0.0,16.29,13.0,9.47,13.0,4.83,23.0,7.0,11.0,1.01,0.8,4.08,3.0,1.0,1.0,19.0,0.0,0.0
8482221,20232024,Devon Levi,BUF,G,all,16,53294.0,49.11,49.0,881.0,34.09,55.0,110.69,17.0,476.2,439.0,14.85,4.0,254.96,284.0,183.03,241.0,46.51,479.0,111.0,58.0,14.78,13.89,20.44,18.0,14.0,17.0,233.0,0.0,0.0
8482221,20232024,Devon Levi,BUF,G,5on5,16,43436.0,30.2,28.0,645.0,22.81,41.0,82.99,9.0,340.12,313.0,11.54,2.0,183.87,203.0,136.47,185.0,29.36,352.0,86.0,30.0,11.06,10.77,8.36,12.0,11.0,5.0,177.0,0.0,0.0
8482221,20232024,Devon Levi,BUF,G,4on5,16,4280.0,11.51,13.0,151.0,7.96,6.0,18.98,5.0,87.78,80.0,0.19,0.0,49.17,63.0,25.6,29.0,10.82,87.0,13.0,16.0,2.2,1.57,7.74,2.0,1.0,10.0,35.0,0.0,0.0
8482221,20232024,Devon Levi,BUF,G,5on4,16,3777.0,1.51,3.0,25.0,0.98,0.0,2.83,1.0,17.01,16.0,2.08,2.0,5.63,5.0,11.5,14.0,1.51,17.0,5.0,1.0,0.5,0.76,0.26,1.0,1.0,1.0,2.0,0.0,0.0
8478406,20232024,Mackenzie Blackwood,SJS,G,other,23,1719.0,5.57,5.0,60.0,2.79,4.0,6.11,4.0,31.47,28.0,0.41,0.0,19.81,22.0,8.56,9.0,4.59,21.0,15.0,8.0,0.86,1.9,2.81,1.0,2.0,2.0,16.0,0.0,0.0
8478406,20232024,Mackenzie Blackwood,SJS,G,all,23,74371.0,76.67,81.0,1468.0,54.7,70.0,171.04,42.0,741.48,732.0,19.54,4.0,410.68,486.0,284.0,341.0,72.76,724.0,221.0,77.0,22.49,27.37,26.81,34.0,29.0,18.0,446.0,2.0,1.0
8478406,20232024,Mackenzie Blackwood,SJS,G,5on5,23,59448.0,49.57,57.0,1098.0,37.93,53.0,133.5,29.0,549.3,547.0,15.36,3.0,299.54,353.0,219.02,264.0,47.7,560.0,152.0,46.0,17.62,18.56,13.39,29.0,22.0,6.0,340.0,2.0,1.0
8478406,20232024,Mackenzie Blackwood,SJS,G,4on5,23,7696.0,18.59,17.0,270.0,12.64,10.0,27.66,8.0,135.67,132.0,0.61,0.0,83.31,105.0,40.27,47.0,17.68,121.0,47.0,19.0,3.27,5.94,9.37,4.0,4.0,9.0,83.0,0.0,0.0
8478406,20232024,Mackenzie Blackwood,SJS,G,5on4,23,5508.0,2.64,2.0,36.0,1.17,3.0,3.19,1.0,22.04,23.0,3.1,1.0,6.71,6.0,14.6,17.0,2.5,19.0,6.0,4.0,0.55,0.85,1.24,0.0,1.0,1.0,7.0,0.0,0.0
8481031,20232024,Ivan Prosvetov,COL,G,other,10,344.0,2.22,0.0,19.0,0.84,5.0,2.04,0.0,9.62,10.0,0.17,0.0,4.61,6.0,2.9,2.0,1.89,4.0,5.0,4.0,0.11,0.51,1.6,0.0,0.0,0.0,6.0,0.0,0.0
8481031,20232024,Ivan Prosvetov,COL,G,all,10,27921.0,25.9,22.0,458.0,17.35,28.0,61.02,16.0,253.2,235.0,8.18,1.0,131.09,159.0,97.31,116.0,23.83,253.0,56.0,32.0,7.28,7.27,11.36,6.0,10.0,6.0,117.0,0.0,0.0
8481031,20232024,Ivan Prosvetov,COL,G,5on5,10,23146.0,18.62,17.0,368.0,13.22,20.0,50.91,15.0,202.29,191.0,6.47,0.0,104.82,125.0,78.79,96.0,17.59,209.0,45.0,19.0,6.41,6.0,6.2,6.0,8.0,3.0,95.0,0.0,0.0
8481031,20232024,Ivan Prosvetov,COL,G,4on5,10,2231.0,3.83,4.0,59.0,2.88,2.0,6.77,1.0,31.51,24.0,0.11,0.0,19.0,24.0,9.52,12.0,3.12,32.0,5.0,6.0,0.56,0.63,2.64,0.0,2.0,2.0,16.0,0.0,0.0
8481031,20232024,Ivan Prosvetov,COL,G,5on4,10,2200.0,1.24,1.0,12.0,0.41,1.0,1.29,0.0,9.78,10.0,1.43,1.0,2.66,4.0,6.1,6.0,1.23,8.0,1.0,3.0,0.19,0.13,0.92,0.0,0.0,1.0,0.0,0.0,0.0
8479406,20232024,Filip Gustavsson,MIN,G,other,21,2058.0,6.69,4.0,57.0,2.48,4.0,6.4,3.0,33.82,31.0,0.55,0.0,17.09,18.0,11.17,15.0,6.27,23.0,12.0,10.0,0.97,1.46,4.26,2.0,0.0,2.0,12.0,0.0,0.0
8479406,20232024,Filip Gustavsson,MIN,G,all,21,73133.0,62.14,59.0,1253.0,45.56,53.0,151.7,52.0,644.63,614.0,19.73,1.0,354.08,377.0,247.24,336.0,59.53,669.0,146.0,67.0,19.26,18.34,24.54,23.0,18.0,18.0,371.0,0.0,0.0
8479406,20232024,Filip Gustavsson,MIN,G,5on5,21,57819.0,36.18,39.0,910.0,30.14,33.0,114.39,46.0,459.89,439.0,14.9,1.0,251.09,270.0,184.06,242.0,35.03,496.0,104.0,31.0,14.28,13.05,8.85,21.0,12.0,6.0,279.0,0.0,0.0
8479406,20232024,Filip Gustavsson,MIN,G,4on5,21,7214.0,17.88,15.0,255.0,12.07,16.0,28.12,3.0,134.14,128.0,0.45,0.0,80.08,83.0,41.4,65.0,16.86,132.0,28.0,24.0,3.52,3.49,10.87,0.0,6.0,9.0,71.0,0.0,0.0
8479406,20232024,Filip Gustavsson,MIN,G,5on4,21,6042.0,0.92,1.0,22.0,0.59,0.0,1.97,0.0,12.0,11.0,3.71,0.0,3.94,2.0,8.18,13.0,0.92,13.0,2.0,1.0,0.29,0.35,0.28,0.0,0.0,1.0,6.0,0.0,0.0
8481692,20232024,Dustin Wolf,CGY,G,other,5,338.0,0.66,1.0,10.0,0.33,0.0,0.9,1.0,4.64,4.0,0.07,0.0,2.44,1.0,1.52,3.0,0.66,2.0,3.0,1.0,0.05,0.29,0.31,0.0,1.0,0.0,4.0,0.0,0.0
8481692,20232024,Dustin Wolf,CGY,G,all,5,16643.0,10.85,16.0,282.0,9.64,8.0,35.09,11.0,146.33,149.0,4.96,0.0,79.87,92.0,60.69,73.0,10.65,163.0,28.0,10.0,4.2,3.52,3.13,4.0,9.0,3.0,81.0,0.0,0.0
8481692,20232024,Dustin Wolf,CGY,G,5on5,5,13846.0,6.39,11.0,215.0,6.32,5.0,27.96,7.0,110.04,113.0,4.2,0.0,60.87,69.0,47.74,60.0,6.31,132.0,18.0,3.0,3.24,2.3,0.85,4.0,6.0,1.0,62.0,0.0,0.0
8481692,20232024,Dustin Wolf,CGY,G,4on5,5,1272.0,2.72,4.0,49.0,2.59,3.0,5.46,2.0,25.25,24.0,0.14,0.0,14.81,19.0,7.62,6.0,2.59,24.0,7.0,3.0,0.69,0.93,1.1,0.0,2.0,2.0,15.0,0.0,0.0
8481692,20232024,Dustin Wolf,CGY,G,5on4,5,1187.0,1.09,0.0,8.0,0.41,0.0,0.77,1.0,6.41,8.0,0.55,0.0,1.75,3.0,3.82,4.0,1.09,5.0,0.0,3.0,0.23,0.0,0.86,0.0,0.0,0.0,0.0,0.0,0.0
8477480,20232024,Eric Comrie,BUF,G,other,7,467.0,0.8,2.0,8.0,0.39,1.0,1.11,0.0,5.99,7.0,0.11,0.0,3.39,2.0,2.15,3.0,0.79,5.0,2.0,1.0,0.19,0.26,0.35,0.0,1.0,1.0,0.0,0.0,0.0
8477480,20232024,Eric Comrie,BUF,G,all,7,20642.0,18.23,23.0,324.0,12.8,26.0,42.98,6.0,178.0,167.0,5.99,2.0,94.34,107.0,65.59,78.0,17.61,159.0,63.0,18.0,4.46,7.84,5.93,4.0,11.0,8.0,84.0,0.0,0.0
8477480,20232024,Eric Comrie,BUF,G,5on5,7,16482.0,13.14,16.0,252.0,9.12,21.0,33.72,5.0,134.39,120.0,4.89,2.0,68.78,79.0,49.78,58.0,12.72,120.0,47.0,12.0,3.42,6.0,3.72,4.0,7.0,5.0,73.0,0.0,0.0
8477480,20232024,Eric Comrie,BUF,G,4on5,7,1813.0,3.72,4.0,56.0,3.01,4.0,7.3,1.0,32.84,34.0,0.08,0.0,20.48,23.0,10.25,14.0,3.52,31.0,11.0,4.0,0.78,1.31,1.63,0.0,2.0,2.0,10.0,0.0,0.0
8477480,20232024,Eric Comrie,BUF,G,5on4,7,1880.0,0.57,1.0,8.0,0.29,0.0,0.85,0.0,4.78,6.0,0.91,0.0,1.68,3.0,3.41,3.0,0.57,3.0,3.0,1.0,0.07,0.28,0.22,0.0,1.0,0.0,1.0,0.0,0.0
8473575,20232024,Semyon Varlamov,NYI,G,other,13,1216.0,1.79,1.0,36.0,1.59,1.0,3.99,2.0,18.74,20.0,0.28,0.0,11.82,9.0,6.07,13.0,1.7,17.0,8.0,1.0,0.46,0.95,0.39,0.0,0.0,1.0,10.0,0.0,0.0
8473575,20232024,Semyon Varlamov,NYI,G,all,13,44447.0,39.32,34.0,855.0,30.45,51.0,109.2,18.0,443.72,415.0,12.82,1.0,239.68,270.0,176.19,235.0,37.75,450.0,122.0,38.0,12.76,15.51,11.05,8.0,18.0,8.0,245.0,0.0,0.0
8473575,20232024,Semyon Varlamov,NYI,G,5on5,13,36717.0,29.07,26.0,686.0,22.77,44.0,89.48,12.0,351.47,322.0,10.75,1.0,187.76,212.0,141.97,187.0,28.02,368.0,89.0,26.0,10.2,11.49,7.38,7.0,15.0,4.0,203.0,0.0,0.0
8473575,20232024,Semyon Varlamov,NYI,G,4on5,13,3104.0,7.24,6.0,112.0,5.38,5.0,13.1,4.0,58.32,58.0,0.15,0.0,35.1,39.0,18.21,27.0,6.86,50.0,22.0,9.0,1.64,2.71,2.88,1.0,3.0,2.0,31.0,0.0,0.0
8473575,20232024,Semyon Varlamov,NYI,G,5on4,13,3410.0,0.79,0.0,17.0,0.5,0.0,2.06,0.0,12.92,13.0,1.64,0.0,3.85,9.0,9.42,8.0,0.79,14.0,2.0,1.0,0.38,0.2,0.2,0.0,0.0,0.0,0.0,0.0,0.0
8478971,20232024,Connor Ingram,ARI,G,other,21,2226.0,4.52,1.0,67.0,2.77,2.0,7.31,1.0,35.26,32.0,0.49,0.0,22.93,33.0,10.07,12.0,4.09,31.0,12.0,6.0,1.22,1.46,1.83,1.0,0.0,0.0,18.0,0.0,0.0
8478971,20232024,Connor Ingram,ARI,G,all,21,68625.0,58.97,50.0,1190.0,43.8,63.0,152.73,43.0,626.79,593.0,19.16,5.0,345.79,389.0,247.81,322.0,56.01,646.0,158.0,67.0,18.01,19.48,21.47,22.0,14.0,14.0,319.0,0.0,0.0
8478971,20232024,Connor Ingram,ARI,G,5on5,21,54910.0,41.32,34.0,934.0,32.14,49.0,124.13,37.0,488.13,450.0,14.89,4.0,263.61,293.0,199.84,262.0,39.69,517.0,119.0,42.0,14.77,14.79,11.76,19.0,9.0,6.0,256.0,0.0,0.0
8478971,20232024,Connor Ingram,ARI,G,4on5,21,5375.0,11.53,12.0,167.0,8.13,11.0,19.35,5.0,89.39,96.0,0.54,0.0,54.42,60.0,28.46,36.0,10.65,87.0,21.0,17.0,1.75,2.45,7.33,1.0,4.0,7.0,42.0,0.0,0.0
8478971,20232024,Connor Ingram,ARI,G,5on4,21,6114.0,1.55,3.0,20.0,0.72,1.0,1.73,0.0,13.23,14.0,3.01,1.0,4.48,3.0,9.08,11.0,1.54,10.0,6.0,2.0,0.23,0.78,0.54,1.0,1.0,1.0,2.0,0.0,0.0
8480051,20232024,Cayden Primeau,MTL,G,other,7,790.0,1.44,1.0,31.0,1.13,0.0,3.05,0.0,16.31,15.0,0.32,0.0,9.0,10.0,7.9,12.0,1.42,17.0,5.0,1.0,0.7,0.47,0.27,0.0,1.0,0.0,8.0,0.0,0.0
8480051,20232024,Cayden Primeau,MTL,G,all,7,25845.0,23.88,23.0,481.0,17.79,21.0,57.61,14.0,244.14,235.0,6.71,0.0,135.87,145.0,98.43,138.0,23.02,255.0,65.0,22.0,7.47,8.29,8.12,8.0,7.0,8.0,139.0,2.0,1.0
8480051,20232024,Cayden Primeau,MTL,G,5on5,7,20191.0,15.17,14.0,354.0,11.76,15.0,44.26,9.0,172.85,164.0,5.08,0.0,95.34,105.0,70.25,99.0,14.7,181.0,51.0,11.0,5.27,6.61,3.29,7.0,5.0,2.0,111.0,2.0,1.0
8480051,20232024,Cayden Primeau,MTL,G,4on5,7,2356.0,6.91,7.0,85.0,4.55,6.0,9.19,5.0,47.92,48.0,0.18,0.0,29.12,27.0,14.7,21.0,6.56,48.0,8.0,10.0,1.27,1.09,4.56,0.0,1.0,6.0,19.0,0.0,0.0
8480051,20232024,Cayden Primeau,MTL,G,5on4,7,2508.0,0.35,1.0,11.0,0.34,0.0,1.1,0.0,7.06,8.0,1.13,0.0,2.41,3.0,5.58,6.0,0.35,9.0,1.0,0.0,0.23,0.12,0.0,1.0,0.0,0.0,1.0,0.0,0.0
8474889,20232024,Martin Jones,TOR,G,other,7,923.0,1.76,1.0,26.0,0.99,2.0,2.79,2.0,13.14,12.0,0.28,0.0,7.67,9.0,4.34,4.0,1.66,12.0,4.0,2.0,0.54,0.5,0.72,1.0,0.0,0.0,8.0,0.0,0.0
8474889,20232024,Martin Jones,TOR,G,all,7,20205.0,19.4,16.0,369.0,13.25,24.0,46.28,12.0,192.17,186.0,6.17,0.0,105.29,111.0,75.01,102.0,18.57,193.0,53.0,20.0,6.17,6.63,6.61,7.0,6.0,3.0,103.0,0.0,0.0
8474889,20232024,Martin Jones,TOR,G,5on5,7,16323.0,14.34,10.0,289.0,10.0,20.0,37.1,6.0,148.71,144.0,4.81,0.0,80.49,85.0,58.85,84.0,13.76,152.0,39.0,15.0,4.74,4.93,4.67,5.0,4.0,1.0,83.0,0.0,0.0
8474889,20232024,Martin Jones,TOR,G,4on5,7,1581.0,2.64,3.0,43.0,1.89,1.0,5.38,4.0,23.72,25.0,0.1,0.0,14.86,16.0,7.38,9.0,2.5,23.0,7.0,3.0,0.65,0.76,1.22,0.0,1.0,2.0,10.0,0.0,0.0
8474889,20232024,Martin Jones,TOR,G,5on4,7,1378.0,0.66,2.0,11.0,0.38,1.0,1.02,0.0,6.6,5.0,0.98,0.0,2.28,1.0,4.44,5.0,0.66,6.0,3.0,0.0,0.23,0.43,0.0,1.0,1.0,0.0,2.0,0.0,0.0
8476433,20232024,Magnus Hellberg,PIT,G,other,3,71.0,0.06,0.0,2.0,0.1,0.0,0.27,0.0,1.4,2.0,0.02,0.0,1.05,1.0,0.48,1.0,0.06,2.0,0.0,0.0,0.06,0.0,0.0,0.0,0.0,0.0,0.0,0.0,0.0
8476433,20232024,Magnus Hellberg,PIT,G,all,3,7193.0,6.88,5.0,112.0,4.13,9.0,15.02,3.0,62.98,64.0,1.87,0.0,32.5,31.0,24.37,37.0,6.62,60.0,15.0,10.0,1.97,1.91,3.0,2.0,1.0,2.0,27.0,0.0,0.0
8476433,20232024,Magnus Hellberg,PIT,G,5on5,3,6359.0,5.48,4.0,92.0,3.45,8.0,12.69,2.0,52.02,54.0,1.69,0.0,26.83,25.0,19.83,31.0,5.23,50.0,13.0,7.0,1.61,1.64,2.23,2.0,1.0,1.0,22.0,0.0,0.0
8476433,20232024,Magnus Hellberg,PIT,G,4on5,3,523.0,0.94,0.0,13.0,0.42,1.0,1.24,1.0,5.69,4.0,0.04,0.0,3.2,4.0,2.0,2.0,0.92,4.0,2.0,2.0,0.12,0.27,0.55,0.0,0.0,0.0,5.0,0.0,0.0
8476433,20232024,Magnus Hellberg,PIT,G,5on4,3,240.0,0.24,1.0,2.0,0.07,0.0,0.29,0.0,1.6,2.0,0.09,0.0,0.46,1.0,0.88,0.0,0.24,1.0,0.0,1.0,0.02,0.0,0.22,0.0,0.0,1.0,0.0,0.0,0.0
8475683,20232024,Sergei Bobrovsky,FLA,G,other,26,3620.0,8.68,4.0,100.0,4.03,6.0,9.76,2.0,46.74,45.0,0.75,0.0,25.62,32.0,13.88,19.0,7.65,32.0,14.0,18.0,1.24,1.66,5.79,1.0,1.0,2.0,36.0,0.0,0.0
8475683,20232024,Sergei Bobrovsky,FLA,G,all,26,91606.0,69.72,63.0,1378.0,49.58,67.0,174.71,42.0,724.58,702.0,29.33,7.0,383.54,413.0,285.35,399.0,67.01,719.0,180.0,89.0,19.96,22.32,27.43,20.0,24.0,19.0,390.0,2.0,1.0
8475683,20232024,Sergei Bobrovsky,FLA,G,5on5,26,72792.0,45.45,47.0,1063.0,35.96,44.0,140.41,32.0,558.56,524.0,23.04,6.0,297.03,325.0,226.24,313.0,44.32,580.0,138.0,46.0,15.56,17.25,12.64,18.0,19.0,10.0,299.0,2.0,1.0
8475683,20232024,Sergei Bobrovsky,FLA,G,4on5,26,7389.0,13.12,9.0,176.0,8.17,15.0,20.77,7.0,93.62,105.0,0.57,0.0,52.62,48.0,28.0,47.0,12.59,83.0,23.0,20.0,2.5,2.71,7.91,0.0,3.0,6.0,50.0,0.0,0.0
8475683,20232024,Sergei Bobrovsky,FLA,G,5on4,26,7805.0,2.18,2.0,35.0,1.27,2.0,3.37,1.0,23.29,26.0,4.84,1.0,7.23,8.0,16.19,18.0,2.16,22.0,4.0,5.0,0.55,0.53,1.1,0.0,1.0,1.0,4.0,0.0,0.0
8475660,20232024,Cam Talbot,LAK,G,other,22,1371.0,1.77,1.0,34.0,1.04,0.0,3.36,0.0,16.53,12.0,0.45,0.0,9.79,9.0,5.5,12.0,1.76,15.0,4.0,3.0,0.61,0.5,0.65,0.0,0.0,1.0,12.0,0.0,0.0
8475660,20232024,Cam Talbot,LAK,G,all,22,78485.0,55.83,45.0,1205.0,43.36,56.0,147.38,40.0,627.16,603.0,26.87,3.0,349.53,412.0,250.92,312.0,50.98,669.0,146.0,53.0,19.46,17.59,18.78,19.0,14.0,12.0,337.0,2.0,1.0
8475660,20232024,Cam Talbot,LAK,G,5on5,22,62285.0,38.74,35.0,913.0,30.75,43.0,115.72,30.0,473.66,462.0,20.88,3.0,259.7,299.0,195.11,247.0,37.46,507.0,115.0,34.0,14.83,13.94,9.96,16.0,12.0,7.0,257.0,2.0,1.0
8475660,20232024,Cam Talbot,LAK,G,4on5,22,7187.0,14.06,8.0,224.0,10.49,13.0,25.42,10.0,117.34,108.0,0.58,0.0,72.59,95.0,36.62,36.0,10.49,124.0,24.0,15.0,3.45,2.74,7.86,3.0,1.0,4.0,61.0,0.0,0.0
8475660,20232024,Cam Talbot,LAK,G,5on4,22,7642.0,1.1,1.0,28.0,0.75,0.0,2.21,0.0,15.9,19.0,4.73,0.0,5.47,6.0,11.98,15.0,1.09,19.0,2.0,1.0,0.48,0.31,0.3,0.0,1.0,0.0,6.0,0.0,0.0
8482982,20232024,Jet Greaves,CBJ,G,other,2,449.0,3.5,1.0,22.0,0.89,4.0,2.43,0.0,13.03,12.0,0.05,0.0,7.26,9.0,2.53,3.0,2.07,7.0,5.0,5.0,0.41,0.55,2.54,0.0,0.0,1.0,5.0,0.0,0.0
8482982,20232024,Jet Greaves,CBJ,G,all,2,7136.0,12.13,5.0,151.0,5.43,10.0,17.43,2.0,80.28,77.0,1.5,0.0,43.82,56.0,28.58,37.0,9.45,79.0,16.0,15.0,2.34,1.85,7.94,2.0,1.0,2.0,41.0,0.0,0.0
8482982,20232024,Jet Greaves,CBJ,G,5on5,2,5787.0,3.39,3.0,95.0,2.91,3.0,11.33,2.0,48.32,48.0,1.21,0.0,27.17,32.0,21.6,28.0,3.2,57.0,10.0,1.0,1.72,1.2,0.47,2.0,1.0,0.0,27.0,0.0,0.0
8482982,20232024,Jet Greaves,CBJ,G,4on5,2,479.0,5.23,1.0,33.0,1.56,3.0,3.53,0.0,18.63,16.0,0.0,0.0,8.98,14.0,4.13,6.0,4.18,14.0,1.0,9.0,0.2,0.1,4.92,0.0,0.0,1.0,9.0,0.0,0.0
8482982,20232024,Jet Greaves,CBJ,G,5on4,2,421.0,0.01,0.0,1.0,0.07,0.0,0.14,0.0,0.3,1.0,0.24,0.0,0.41,1.0,0.32,0.0,0.01,1.0,0.0,0.0,0.01,0.0,0.0,0.0,0.0,0.0,0.0,0.0,0.0
8475831,20232024,Philipp Grubauer,SEA,G,other,17,1658.0,3.76,1.0,51.0,2.06,2.0,5.78,1.0,26.45,21.0,0.66,0.0,16.53,19.0,7.86,11.0,2.95,24.0,10.0,3.0,0.84,1.28,1.64,1.0,0.0,0.0,14.0,0.0,0.0
8475831,20232024,Philipp Grubauer,SEA,G,all,17,55322.0,43.78,50.0,869.0,30.5,46.0,107.04,20.0,452.07,432.0,16.39,2.0,250.35,265.0,177.21,239.0,41.49,457.0,119.0,48.0,12.31,14.51,16.96,16.0,17.0,17.0,245.0,4.0,2.0
8475831,20232024,Philipp Grubauer,SEA,G,5on5,17,44287.0,27.72,37.0,675.0,22.05,32.0,85.68,13.0,347.44,332.0,12.8,1.0,192.38,211.0,142.66,188.0,26.99,367.0,89.0,26.0,9.62,10.89,7.21,14.0,14.0,9.0,193.0,4.0,2.0
8475831,20232024,Philipp Grubauer,SEA,G,4on5,17,3892.0,10.84,10.0,121.0,5.64,11.0,13.75,5.0,64.64,65.0,0.37,0.0,37.42,33.0,18.13,29.0,10.13,57.0,14.0,17.0,1.63,1.59,7.62,1.0,2.0,7.0,33.0,0.0,0.0
8475831,20232024,Philipp Grubauer,SEA,G,5on4,17,5485.0,1.46,2.0,22.0,0.75,1.0,1.83,1.0,13.55,14.0,2.56,1.0,4.02,2.0,8.56,11.0,1.42,9.0,6.0,2.0,0.21,0.76,0.49,0.0,1.0,1.0,5.0,0.0,0.0
8476914,20232024,Joonas Korpisalo,OTT,G,other,20,2027.0,2.61,3.0,38.0,1.47,3.0,4.78,4.0,22.91,23.0,1.01,0.0,11.79,10.0,9.53,11.0,2.39,18.0,11.0,2.0,0.64,1.31,0.66,0.0,3.0,0.0,7.0,0.0,0.0
8476914,20232024,Joonas Korpisalo,OTT,G,all,20,67222.0,62.49,66.0,1190.0,42.58,71.0,154.58,42.0,636.21,621.0,21.08,1.0,337.53,370.0,248.65,312.0,58.73,639.0,155.0,73.0,18.43,19.57,24.5,20.0,30.0,16.0,323.0,0.0,0.0
8476914,20232024,Joonas Korpisalo,OTT,G,5on5,20,52420.0,41.58,41.0,954.0,32.05,54.0,126.97,31.0,498.5,484.0,15.11,1.0,264.81,295.0,199.77,255.0,40.03,522.0,115.0,45.0,14.96,14.74,11.88,16.0,21.0,4.0,272.0,0.0,0.0
8476914,20232024,Joonas Korpisalo,OTT,G,4on5,20,5424.0,17.68,20.0,175.0,8.51,14.0,20.81,7.0,101.48,99.0,0.75,0.0,56.44,60.0,29.45,35.0,15.69,83.0,28.0,25.0,2.58,3.4,11.69,4.0,5.0,11.0,39.0,0.0,0.0
8476914,20232024,Joonas Korpisalo,OTT,G,5on4,20,7351.0,0.63,2.0,23.0,0.55,0.0,2.03,0.0,13.32,15.0,4.21,0.0,4.49,5.0,9.9,11.0,0.63,16.0,1.0,1.0,0.25,0.11,0.27,0.0,1.0,1.0,5.0,0.0,0.0
8477992,20232024,Jonas Johansson,TBL,G,other,20,1833.0,5.09,5.0,50.0,1.97,2.0,5.58,4.0,29.1,29.0,0.59,0.0,14.96,15.0,10.42,13.0,4.88,21.0,12.0,6.0,0.89,1.43,2.77,1.0,2.0,2.0,11.0,0.0,0.0
8477992,20232024,Jonas Johansson,TBL,G,all,20,69440.0,59.73,67.0,1097.0,41.62,80.0,146.33,40.0,604.46,614.0,20.66,3.0,319.73,322.0,234.05,310.0,57.07,586.0,169.0,67.0,16.54,20.78,22.42,24.0,28.0,15.0,275.0,0.0,0.0
8477992,20232024,Jonas Johansson,TBL,G,5on5,20,57471.0,44.23,50.0,881.0,31.6,69.0,122.3,31.0,484.61,489.0,16.24,3.0,253.83,253.0,189.5,253.0,42.0,476.0,133.0,49.0,13.61,16.46,14.16,21.0,24.0,5.0,223.0,0.0,0.0
8477992,20232024,Jonas Johansson,TBL,G,4on5,20,4745.0,8.47,9.0,135.0,6.92,8.0,15.26,5.0,71.7,75.0,0.48,0.0,43.76,46.0,22.16,30.0,8.27,72.0,17.0,10.0,1.58,2.03,4.86,2.0,1.0,6.0,36.0,0.0,0.0
8477992,20232024,Jonas Johansson,TBL,G,5on4,20,5391.0,1.03,1.0,21.0,0.71,0.0,1.93,0.0,13.06,13.0,3.31,0.0,4.27,5.0,9.66,12.0,1.02,13.0,4.0,1.0,0.35,0.45,0.23,0.0,0.0,1.0,3.0,0.0,0.0
8479394,20232024,Carter Hart,PHI,G,other,18,1631.0,3.88,4.0,59.0,2.26,3.0,6.11,2.0,30.29,28.0,0.59,0.0,15.78,19.0,10.89,12.0,3.32,23.0,13.0,4.0,0.96,1.5,1.41,2.0,0.0,2.0,19.0,0.0,0.0
8479394,20232024,Carter Hart,PHI,G,all,18,61910.0,46.01,45.0,1070.0,35.82,52.0,130.94,34.0,530.51,517.0,18.5,2.0,288.95,324.0,212.8,273.0,43.64,570.0,116.0,47.0,16.35,15.02,14.63,22.0,11.0,12.0,337.0,0.0,0.0
8479394,20232024,Carter Hart,PHI,G,5on5,18,50329.0,34.84,36.0,857.0,26.92,40.0,107.16,23.0,420.46,409.0,15.12,2.0,226.96,269.0,168.67,207.0,33.51,453.0,90.0,36.0,12.65,11.78,10.41,18.0,10.0,8.0,278.0,0.0,0.0
8479394,20232024,Carter Hart,PHI,G,4on5,18,4902.0,5.96,5.0,129.0,5.69,7.0,14.96,9.0,62.95,59.0,0.61,0.0,40.14,34.0,20.97,34.0,5.52,73.0,11.0,6.0,1.99,1.48,2.49,2.0,1.0,2.0,39.0,0.0,0.0
8479394,20232024,Carter Hart,PHI,G,5on4,18,5048.0,1.33,0.0,25.0,0.95,2.0,2.71,0.0,16.81,21.0,2.19,0.0,6.09,2.0,12.28,20.0,1.29,21.0,2.0,1.0,0.75,0.26,0.32,0.0,0.0,0.0,1.0,0.0,0.0
8478492,20232024,Ilya Samsonov,TOR,G,other,14,705.0,1.84,5.0,30.0,1.03,0.0,3.29,2.0,16.51,16.0,0.54,0.0,8.32,7.0,7.01,8.0,1.82,16.0,4.0,2.0,0.77,0.41,0.66,4.0,1.0,0.0,8.0,0.0,0.0
8478492,20232024,Ilya Samsonov,TOR,G,all,14,43730.0,36.57,46.0,712.0,25.51,37.0,91.62,41.0,380.57,356.0,13.61,4.0,203.01,211.0,148.68,182.0,35.37,383.0,97.0,38.0,11.09,12.15,13.34,21.0,15.0,10.0,194.0,0.0,0.0
8478492,20232024,Ilya Samsonov,TOR,G,5on5,14,35800.0,25.73,30.0,551.0,19.42,33.0,74.44,27.0,295.31,274.0,10.41,4.0,157.3,165.0,115.25,146.0,24.68,302.0,72.0,28.0,8.44,9.24,8.05,14.0,12.0,4.0,149.0,0.0,0.0
8478492,20232024,Ilya Samsonov,TOR,G,4on5,14,3694.0,7.69,10.0,103.0,4.07,4.0,11.21,11.0,52.43,49.0,0.53,0.0,30.64,29.0,16.64,18.0,7.57,49.0,15.0,8.0,1.3,1.77,4.62,2.0,2.0,6.0,31.0,0.0,0.0
8478492,20232024,Ilya Samsonov,TOR,G,5on4,14,3531.0,0.67,0.0,14.0,0.43,0.0,1.11,0.0,8.15,9.0,1.9,0.0,2.51,5.0,6.04,6.0,0.67,8.0,3.0,0.0,0.29,0.38,0.0,0.0,0.0,0.0,3.0,0.0,0.0
8480843,20232024,Lukas Dostal,ANA,G,other,15,1910.0,4.57,3.0,68.0,2.62,4.0,6.63,1.0,31.18,32.0,0.56,0.0,17.9,22.0,8.88,12.0,3.69,22.0,14.0,6.0,0.89,1.79,1.89,1.0,2.0,0.0,26.0,0.0,0.0
8480843,20232024,Lukas Dostal,ANA,G,all,15,48279.0,45.58,49.0,909.0,34.15,45.0,113.8,26.0,472.15,460.0,13.04,1.0,261.19,310.0,179.93,219.0,42.84,465.0,140.0,46.0,14.47,17.35,13.76,17.0,25.0,7.0,258.0,4.0,2.0
8480843,20232024,Lukas Dostal,ANA,G,5on5,15,36290.0,26.84,34.0,626.0,21.72,33.0,83.12,20.0,327.09,313.0,9.81,1.0,176.61,212.0,132.63,151.0,25.72,346.0,82.0,24.0,10.13,10.41,6.29,14.0,18.0,2.0,174.0,4.0,2.0
8480843,20232024,Lukas Dostal,ANA,G,4on5,15,5705.0,12.66,12.0,200.0,9.19,7.0,22.72,5.0,103.53,103.0,0.46,0.0,63.73,73.0,32.15,47.0,11.94,92.0,38.0,14.0,3.31,4.37,4.98,2.0,5.0,5.0,56.0,0.0,0.0
8480843,20232024,Lukas Dostal,ANA,G,5on4,15,4374.0,1.52,0.0,15.0,0.62,1.0,1.33,0.0,10.36,12.0,2.22,0.0,2.96,3.0,6.28,9.0,1.49,5.0,6.0,2.0,0.14,0.78,0.6,0.0,0.0,0.0,2.0,0.0,0.0
8478470,20232024,Sam Montembeault,MTL,G,other,15,1698.0,3.83,6.0,62.0,2.7,2.0,6.96,2.0,33.25,36.0,1.26,0.0,17.92,24.0,10.46,9.0,3.79,32.0,6.0,5.0,0.94,0.74,2.15,0.0,3.0,3.0,19.0,0.0,0.0
8478470,20232024,Sam Montembeault,MTL,G,all,15,54137.0,44.68,43.0,904.0,32.23,51.0,114.6,24.0,474.52,463.0,16.36,4.0,254.73,302.0,186.03,223.0,43.32,499.0,98.0,51.0,13.1,12.01,19.56,11.0,16.0,16.0,256.0,0.0,0.0
8478470,20232024,Sam Montembeault,MTL,G,5on5,15,43555.0,28.06,19.0,683.0,22.52,40.0,90.56,18.0,353.09,340.0,12.03,3.0,191.17,236.0,142.74,169.0,26.93,376.0,83.0,28.0,10.42,10.26,7.36,7.0,11.0,1.0,196.0,0.0,0.0
8478470,20232024,Sam Montembeault,MTL,G,4on5,15,4064.0,11.34,14.0,134.0,6.18,8.0,14.16,3.0,69.51,66.0,0.45,0.0,39.77,39.0,19.46,29.0,11.15,70.0,7.0,16.0,1.14,0.8,9.4,2.0,1.0,11.0,41.0,0.0,0.0
8478470,20232024,Sam Montembeault,MTL,G,5on4,15,4820.0,1.45,4.0,25.0,0.83,1.0,2.92,1.0,18.66,21.0,2.62,1.0,5.87,3.0,13.37,16.0,1.45,21.0,2.0,2.0,0.6,0.21,0.64,2.0,1.0,1.0,0.0,0.0,0.0
8475789,20232024,Jack Campbell,EDM,G,other,5,475.0,0.96,1.0,6.0,0.32,0.0,1.02,0.0,4.82,4.0,0.11,0.0,2.04,1.0,1.49,4.0,0.96,3.0,1.0,2.0,0.2,0.08,0.68,0.0,0.0,1.0,0.0,0.0,0.0
8475789,20232024,Jack Campbell,EDM,G,all,5,16007.0,16.23,20.0,250.0,10.24,14.0,34.84,13.0,150.07,155.0,4.31,1.0,79.49,98.0,56.33,56.0,15.65,134.0,49.0,19.0,4.29,6.0,5.95,3.0,9.0,8.0,48.0,0.0,0.0
8475789,20232024,Jack Campbell,EDM,G,5on5,5,12676.0,11.01,15.0,188.0,7.64,13.0,28.6,10.0,119.03,124.0,3.33,1.0,61.24,75.0,45.78,44.0,10.64,110.0,36.0,12.0,3.23,4.46,3.32,1.0,8.0,6.0,30.0,0.0,0.0
8475789,20232024,Jack Campbell,EDM,G,4on5,5,1650.0,3.81,3.0,53.0,2.15,1.0,4.94,3.0,23.79,25.0,0.13,0.0,15.54,21.0,7.66,7.0,3.59,19.0,12.0,4.0,0.76,1.46,1.59,1.0,1.0,1.0,18.0,0.0,0.0
8475789,20232024,Jack Campbell,EDM,G,5on4,5,1206.0,0.45,1.0,3.0,0.13,0.0,0.28,0.0,2.43,2.0,0.74,0.0,0.67,1.0,1.41,1.0,0.45,2.0,0.0,1.0,0.1,0.0,0.35,1.0,0.0,0.0,0.0,0.0,0.0
8477484,20232024,Spencer Martin,CBJ,G,other,11,782.0,2.55,3.0,34.0,1.04,2.0,2.0,0.0,12.27,12.0,0.16,0.0,7.21,9.0,2.81,2.0,2.31,7.0,6.0,3.0,0.28,0.74,1.53,0.0,1.0,2.0,18.0,0.0,0.0
8477484,20232024,Spencer Martin,CBJ,G,all,11,36257.0,32.68,36.0,679.0,25.51,42.0,82.57,22.0,351.83,331.0,9.9,1.0,196.53,191.0,139.58,194.0,31.28,374.0,79.0,36.0,11.19,9.52,11.97,13.0,14.0,9.0,190.0,0.0,0.0
8477484,20232024,Spencer Martin,CBJ,G,5on5,11,29376.0,23.17,25.0,540.0,19.01,33.0,68.65,17.0,279.66,263.0,8.36,1.0,156.12,151.0,115.32,162.0,22.3,307.0,62.0,23.0,9.42,7.35,6.4,9.0,12.0,4.0,148.0,0.0,0.0
8477484,20232024,Spencer Martin,CBJ,G,4on5,11,2995.0,5.43,6.0,93.0,4.78,6.0,10.43,5.0,50.45,46.0,0.15,0.0,30.46,30.0,16.19,22.0,5.21,53.0,10.0,6.0,1.26,1.29,2.89,3.0,1.0,2.0,24.0,0.0,0.0
8477484,20232024,Spencer Martin,CBJ,G,5on4,11,3104.0,1.53,2.0,12.0,0.68,1.0,1.5,0.0,9.45,10.0,1.23,0.0,2.74,1.0,5.25,8.0,1.45,7.0,1.0,4.0,0.23,0.15,1.15,1.0,0.0,1.0,0.0,0.0,0.0
8481035,20232024,Samuel Ersson,PHI,G,other,14,1244.0,5.94,5.0,78.0,3.21,4.0,8.56,3.0,41.86,36.0,0.59,0.0,21.8,29.0,14.07,14.0,5.64,33.0,16.0,6.0,1.49,2.16,2.29,0.0,2.0,3.0,23.0,0.0,0.0
8481035,20232024,Samuel Ersson,PHI,G,all,14,50722.0,37.43,36.0,815.0,26.66,38.0,94.47,24.0,391.32,358.0,15.68,0.0,211.29,242.0,157.83,201.0,36.15,390.0,121.0,30.0,11.39,15.5,10.54,10.0,15.0,11.0,274.0,0.0,0.0
8481035,20232024,Samuel Ersson,PHI,G,5on5,14,40526.0,22.58,23.0,600.0,18.19,28.0,72.12,16.0,280.91,259.0,11.9,0.0,152.5,173.0,116.01,151.0,22.1,292.0,85.0,14.0,8.15,10.97,3.46,8.0,12.0,3.0,209.0,0.0,0.0
8481035,20232024,Samuel Ersson,PHI,G,4on5,14,4507.0,7.24,5.0,113.0,4.44,5.0,11.02,5.0,51.87,43.0,0.69,0.0,31.42,35.0,17.07,23.0,6.75,50.0,16.0,7.0,1.32,1.91,4.0,1.0,0.0,4.0,40.0,0.0,0.0
8481035,20232024,Samuel Ersson,PHI,G,5on4,14,4445.0,1.26,2.0,18.0,0.59,1.0,2.14,0.0,12.95,15.0,2.33,0.0,3.81,4.0,8.8,10.0,1.25,13.0,1.0,3.0,0.32,0.14,0.8,1.0,0.0,1.0,1.0,0.0,0.0
8475883,20232024,Frederik Andersen,CAR,G,other,6,119.0,0.78,1.0,9.0,0.38,0.0,1.23,0.0,5.45,5.0,0.11,0.0,2.7,1.0,1.71,5.0,0.78,5.0,1.0,1.0,0.26,0.19,0.33,0.0,0.0,1.0,2.0,0.0,0.0
8475883,20232024,Frederik Andersen,CAR,G,all,6,18845.0,14.51,15.0,272.0,11.01,16.0,36.88,8.0,155.53,142.0,6.23,0.0,82.39,82.0,59.04,88.0,13.85,146.0,52.0,11.0,4.44,6.65,3.42,4.0,9.0,2.0,63.0,0.0,0.0
8475883,20232024,Frederik Andersen,CAR,G,5on5,6,14907.0,8.39,10.0,191.0,6.94,11.0,27.0,5.0,109.36,102.0,5.31,0.0,58.14,62.0,42.99,59.0,8.2,110.0,34.0,3.0,3.33,4.25,0.81,4.0,6.0,0.0,44.0,0.0,0.0
8475883,20232024,Frederik Andersen,CAR,G,4on5,6,2326.0,4.83,3.0,58.0,3.23,5.0,7.07,3.0,33.19,26.0,0.24,0.0,18.18,17.0,9.56,16.0,4.36,22.0,15.0,7.0,0.64,1.9,2.29,0.0,2.0,1.0,14.0,0.0,0.0
8475883,20232024,Frederik Andersen,CAR,G,5on4,6,1493.0,0.29,1.0,8.0,0.3,0.0,1.03,0.0,4.55,6.0,0.56,0.0,1.94,2.0,3.22,4.0,0.29,6.0,1.0,0.0,0.1,0.19,0.0,0.0,1.0,0.0,1.0,0.0,0.0
8480382,20232024,Alexandar Georgiev,COL,G,other,28,3252.0,8.68,9.0,106.0,5.39,10.0,12.95,1.0,62.67,63.0,1.14,0.0,34.71,42.0,17.98,20.0,7.89,48.0,19.0,15.0,1.63,2.48,4.57,3.0,1.0,5.0,24.0,0.0,0.0
8480382,20232024,Alexandar Georgiev,COL,G,all,28,98447.0,84.25,82.0,1531.0,58.81,81.0,191.25,39.0,824.8,789.0,29.84,3.0,436.44,487.0,312.21,416.0,78.07,795.0,206.0,110.0,22.15,25.65,36.45,30.0,25.0,27.0,420.0,2.0,1.0
8480382,20232024,Alexandar Georgiev,COL,G,5on5,28,76423.0,52.82,55.0,1152.0,39.95,51.0,147.96,29.0,610.09,570.0,22.77,2.0,324.0,361.0,241.72,328.0,50.49,624.0,139.0,64.0,17.16,17.31,18.37,26.0,18.0,11.0,325.0,2.0,1.0
8480382,20232024,Alexandar Georgiev,COL,G,4on5,28,9008.0,18.6,14.0,230.0,11.5,15.0,25.99,8.0,122.23,125.0,0.75,0.0,68.72,78.0,35.28,47.0,15.95,104.0,37.0,23.0,2.89,4.48,11.23,1.0,4.0,9.0,66.0,0.0,0.0
8480382,20232024,Alexandar Georgiev,COL,G,5on4,28,9764.0,4.15,4.0,43.0,1.96,5.0,4.35,1.0,29.82,31.0,5.18,1.0,9.0,6.0,17.23,21.0,3.74,19.0,11.0,8.0,0.48,1.38,2.29,0.0,2.0,2.0,5.0,0.0,0.0
8476412,20232024,Jordan Binnington,STL,G,other,25,1669.0,4.82,3.0,55.0,2.31,3.0,5.47,2.0,29.91,26.0,0.5,0.0,17.92,22.0,8.42,9.0,4.51,26.0,6.0,8.0,1.1,0.78,2.94,1.0,0.0,2.0,15.0,0.0,0.0
8476412,20232024,Jordan Binnington,STL,G,all,25,83504.0,76.4,76.0,1491.0,55.63,81.0,193.18,55.0,804.5,760.0,22.66,2.0,439.63,495.0,314.12,395.0,72.66,810.0,209.0,87.0,22.88,25.53,27.99,28.0,30.0,18.0,385.0,0.0,0.0
8476412,20232024,Jordan Binnington,STL,G,5on5,25,68307.0,55.95,60.0,1207.0,41.23,62.0,158.37,45.0,638.2,612.0,18.07,2.0,345.86,389.0,257.07,321.0,53.42,653.0,170.0,57.0,18.81,20.88,16.27,25.0,30.0,5.0,327.0,0.0,0.0
8476412,20232024,Jordan Binnington,STL,G,4on5,25,7055.0,13.14,10.0,203.0,11.07,16.0,26.41,8.0,118.18,103.0,0.78,0.0,69.93,81.0,37.63,47.0,12.24,117.0,28.0,17.0,2.54,3.18,7.42,2.0,0.0,8.0,41.0,0.0,0.0
8476412,20232024,Jordan Binnington,STL,G,5on4,25,6473.0,2.2,3.0,22.0,0.9,0.0,2.49,0.0,16.0,17.0,3.19,0.0,4.97,3.0,9.9,15.0,2.2,13.0,3.0,5.0,0.4,0.44,1.36,0.0,0.0,3.0,1.0,0.0,0.0
8482137,20232024,Yaroslav Askarov,NSH,G,other,1,0.0,0.0,0.0,0.0,0.0,0.0,0.0,0.0,0.0,0.0,0.0,0.0,0.0,0.0,0.0,0.0,0.0,0.0,0.0,0.0,0.0,0.0,0.0,0.0,0.0,0.0,0.0,0.0,0.0
8482137,20232024,Yaroslav Askarov,NSH,G,all,1,1000.0,1.3,0.0,19.0,0.56,2.0,1.59,1.0,7.95,6.0,0.21,0.0,4.19,6.0,3.1,2.0,1.21,6.0,3.0,2.0,0.24,0.4,0.66,0.0,0.0,0.0,8.0,0.0,0.0
8482137,20232024,Yaroslav Askarov,NSH,G,5on5,1,1000.0,1.3,0.0,19.0,0.56,2.0,1.59,1.0,7.95,6.0,0.21,0.0,4.19,6.0,3.1,2.0,1.21,6.0,3.0,2.0,0.24,0.4,0.66,0.0,0.0,0.0,8.0,0.0,0.0
8482137,20232024,Yaroslav Askarov,NSH,G,4on5,1,0.0,0.0,0.0,0.0,0.0,0.0,0.0,0.0,0.0,0.0,0.0,0.0,0.0,0.0,0.0,0.0,0.0,0.0,0.0,0.0,0.0,0.0,0.0,0.0,0.0,0.0,0.0,0.0,0.0
8482137,20232024,Yaroslav Askarov,NSH,G,5on4,1,0.0,0.0,0.0,0.0,0.0,0.0,0.0,0.0,0.0,0.0,0.0,0.0,0.0,0.0,0.0,0.0,0.0,0.0,0.0,0.0,0.0,0.0,0.0,0.0,0.0,0.0,0.0,0.0,0.0
8475311,20232024,Darcy Kuemper,WSH,G,other,17,1356.0,2.91,3.0,50.0,2.28,2.0,6.15,0.0,31.07,27.0,0.65,0.0,16.96,24.0,12.57,13.0,2.88,29.0,12.0,1.0,1.01,1.57,0.33,1.0,1.0,1.0,8.0,0.0,0.0
8475311,20232024,Darcy Kuemper,WSH,G,all,17,59457.0,48.6,50.0,958.0,33.81,43.0,119.65,18.0,498.4,480.0,16.87,2.0,271.22,309.0,200.87,269.0,45.38,514.0,120.0,57.0,14.91,14.82,18.87,19.0,18.0,13.0,267.0,0.0,0.0
8475311,20232024,Darcy Kuemper,WSH,G,5on5,17,47563.0,31.21,35.0,716.0,23.15,30.0,92.01,15.0,366.56,359.0,12.92,1.0,198.93,225.0,151.45,202.0,30.27,391.0,84.0,34.0,11.03,10.36,9.81,15.0,14.0,6.0,207.0,0.0,0.0
8475311,20232024,Darcy Kuemper,WSH,G,4on5,17,5918.0,13.15,11.0,170.0,7.59,11.0,19.21,3.0,85.85,79.0,0.42,0.0,50.2,54.0,26.86,41.0,10.91,80.0,20.0,20.0,2.53,2.34,8.28,3.0,3.0,5.0,50.0,0.0,0.0
8475311,20232024,Darcy Kuemper,WSH,G,5on4,17,4620.0,1.09,0.0,21.0,0.73,0.0,2.12,0.0,14.0,14.0,2.88,1.0,4.9,6.0,9.7,13.0,1.08,14.0,4.0,1.0,0.33,0.55,0.2,0.0,0.0,0.0,2.0,0.0,0.0
8479973,20232024,Stuart Skinner,EDM,G,other,23,2427.0,4.97,5.0,64.0,2.83,1.0,6.64,2.0,35.54,35.0,0.8,0.0,20.7,19.0,11.61,20.0,4.81,28.0,13.0,7.0,1.15,1.57,2.25,1.0,2.0,2.0,16.0,0.0,0.0
8479973,20232024,Stuart Skinner,EDM,G,all,23,78120.0,53.95,66.0,1144.0,40.14,49.0,146.37,43.0,597.55,580.0,26.31,3.0,324.21,363.0,234.32,294.0,52.65,616.0,150.0,53.0,17.7,18.34,17.9,22.0,23.0,21.0,325.0,0.0,0.0
8479973,20232024,Stuart Skinner,EDM,G,5on5,23,63084.0,36.15,42.0,873.0,28.43,41.0,116.07,37.0,452.52,436.0,20.88,2.0,241.27,273.0,183.04,224.0,35.38,478.0,113.0,29.0,13.93,14.02,8.2,16.0,17.0,9.0,253.0,0.0,0.0
8479973,20232024,Stuart Skinner,EDM,G,4on5,23,6716.0,11.93,17.0,189.0,8.26,7.0,21.76,3.0,98.2,96.0,0.81,0.0,58.21,68.0,31.49,40.0,11.57,96.0,24.0,15.0,2.24,2.75,6.94,4.0,4.0,9.0,54.0,0.0,0.0
8479973,20232024,Stuart Skinner,EDM,G,5on4,23,5893.0,0.89,2.0,18.0,0.62,0.0,1.91,1.0,11.29,13.0,3.83,1.0,4.03,3.0,8.17,10.0,0.89,14.0,0.0,2.0,0.38,0.0,0.52,1.0,0.0,1.0,2.0,0.0,0.0
8477035,20232024,Matt Tomkins,TBL,G,other,3,386.0,0.34,0.0,6.0,0.18,0.0,0.78,0.0,3.74,3.0,0.04,0.0,1.76,2.0,1.82,3.0,0.34,3.0,2.0,0.0,0.14,0.21,0.0,0.0,0.0,0.0,1.0,0.0,0.0
8477035,20232024,Matt Tomkins,TBL,G,all,3,10575.0,8.31,10.0,185.0,5.93,8.0,22.7,6.0,91.83,90.0,2.86,1.0,49.13,54.0,37.84,48.0,7.92,98.0,23.0,6.0,3.14,2.97,2.2,4.0,5.0,1.0,58.0,0.0,0.0
8477035,20232024,Matt Tomkins,TBL,G,5on5,3,7768.0,5.46,9.0,142.0,4.18,5.0,17.94,5.0,68.92,67.0,2.03,1.0,36.59,42.0,29.43,35.0,5.33,77.0,16.0,3.0,2.23,2.14,1.09,3.0,5.0,1.0,46.0,0.0,0.0
8477035,20232024,Matt Tomkins,TBL,G,4on5,3,1351.0,2.45,1.0,34.0,1.5,3.0,3.66,1.0,16.79,18.0,0.12,0.0,10.0,10.0,4.87,7.0,2.19,15.0,5.0,3.0,0.72,0.63,1.11,1.0,0.0,0.0,11.0,0.0,0.0
8477035,20232024,Matt Tomkins,TBL,G,5on4,3,1070.0,0.05,0.0,3.0,0.07,0.0,0.32,0.0,2.37,2.0,0.67,0.0,0.78,0.0,1.72,3.0,0.05,3.0,0.0,0.0,0.05,0.0,0.0,0.0,0.0,0.0,0.0,0.0,0.0
8476904,20232024,Chris Driedger,SEA,G,other,1,136.0,0.57,0.0,11.0,0.46,1.0,1.39,0.0,5.49,3.0,0.0,0.0,3.8,7.0,1.52,0.0,0.54,6.0,1.0,1.0,0.24,0.12,0.21,0.0,0.0,0.0,3.0,0.0,0.0
8476904,20232024,Chris Driedger,SEA,G,all,1,3600.0,3.6,1.0,75.0,2.67,5.0,9.46,2.0,38.62,38.0,0.73,0.0,22.7,25.0,14.24,21.0,3.46,42.0,8.0,4.0,1.14,1.1,1.37,0.0,0.0,1.0,21.0,0.0,0.0
8476904,20232024,Chris Driedger,SEA,G,5on5,1,2877.0,1.94,0.0,54.0,1.66,3.0,6.92,2.0,27.69,29.0,0.66,0.0,16.14,15.0,11.44,19.0,1.89,33.0,5.0,1.0,0.79,0.74,0.41,0.0,0.0,0.0,15.0,0.0,0.0
8476904,20232024,Chris Driedger,SEA,G,4on5,1,347.0,1.1,1.0,10.0,0.55,1.0,1.15,0.0,5.43,6.0,0.02,0.0,2.77,3.0,1.28,2.0,1.03,3.0,2.0,2.0,0.11,0.24,0.75,0.0,0.0,1.0,3.0,0.0,0.0
8476904,20232024,Chris Driedger,SEA,G,5on4,1,240.0,0.0,0.0,0.0,0.0,0.0,0.0,0.0,0.0,0.0,0.05,0.0,0.0,0.0,0.0,0.0,0.0,0.0,0.0,0.0,0.0,0.0,0.0,0.0,0.0,0.0,0.0,0.0,0.0
8479292,20232024,Charlie Lindgren,WSH,G,other,14,1097.0,2.55,1.0,34.0,1.26,2.0,3.71,2.0,16.99,14.0,0.51,0.0,9.73,10.0,5.08,8.0,2.11,10.0,11.0,2.0,0.46,1.3,0.78,0.0,1.0,0.0,11.0,0.0,0.0
8479292,20232024,Charlie Lindgren,WSH,G,all,14,50405.0,43.89,32.0,898.0,32.05,38.0,115.21,31.0,469.58,443.0,13.01,2.0,254.63,295.0,186.56,250.0,42.08,484.0,115.0,49.0,13.83,14.43,15.63,6.0,16.0,10.0,250.0,0.0,0.0
8479292,20232024,Charlie Lindgren,WSH,G,5on5,14,41433.0,32.07,23.0,723.0,25.14,31.0,97.39,26.0,382.87,356.0,9.93,2.0,206.61,244.0,155.08,203.0,31.14,402.0,92.0,35.0,11.61,11.6,8.85,6.0,13.0,4.0,194.0,0.0,0.0
8479292,20232024,Charlie Lindgren,WSH,G,4on5,14,3527.0,8.41,7.0,116.0,5.0,5.0,12.29,2.0,57.25,57.0,0.21,0.0,33.7,38.0,17.71,27.0,7.95,58.0,10.0,11.0,1.42,1.21,5.78,0.0,1.0,6.0,37.0,0.0,0.0
8479292,20232024,Charlie Lindgren,WSH,G,5on4,14,4348.0,0.67,1.0,17.0,0.44,0.0,1.0,1.0,8.09,10.0,1.97,0.0,2.66,1.0,5.99,8.0,0.67,8.0,2.0,1.0,0.13,0.32,0.22,0.0,1.0,0.0,6.0,0.0,0.0
8475852,20232024,Petr Mrazek,CHI,G,other,22,2374.0,4.62,1.0,68.0,2.4,2.0,6.82,3.0,32.96,31.0,0.38,0.0,20.62,21.0,10.4,19.0,4.46,29.0,11.0,6.0,1.31,1.31,2.0,0.0,0.0,1.0,22.0,0.0,0.0
8475852,20232024,Petr Mrazek,CHI,G,all,22,72397.0,64.57,60.0,1296.0,46.49,67.0,161.02,38.0,675.5,669.0,17.52,2.0,369.65,422.0,272.73,347.0,61.66,691.0,176.0,70.0,20.65,20.84,23.08,18.0,24.0,18.0,359.0,0.0,0.0
8475852,20232024,Petr Mrazek,CHI,G,5on5,22,57453.0,46.46,40.0,1047.0,35.42,57.0,134.56,30.0,541.64,532.0,13.75,2.0,296.51,346.0,222.85,279.0,44.51,576.0,132.0,46.0,17.01,15.86,13.59,16.0,17.0,7.0,293.0,0.0,0.0
8475852,20232024,Petr Mrazek,CHI,G,4on5,22,6336.0,11.17,14.0,147.0,7.41,8.0,16.26,4.0,78.28,83.0,0.49,0.0,45.42,50.0,24.22,30.0,10.38,65.0,27.0,15.0,1.55,2.97,6.65,0.0,6.0,8.0,40.0,0.0,0.0
8475852,20232024,Petr Mrazek,CHI,G,5on4,22,6234.0,2.32,5.0,34.0,1.26,0.0,3.38,1.0,22.62,23.0,2.84,0.0,7.1,5.0,15.25,19.0,2.31,21.0,6.0,3.0,0.78,0.69,0.85,2.0,1.0,2.0,4.0,0.0,0.0
8480313,20232024,Logan Thompson,VGK,G,other,20,1445.0,4.71,5.0,43.0,1.65,4.0,4.79,0.0,23.01,21.0,0.61,0.0,10.29,9.0,7.76,12.0,3.84,16.0,4.0,10.0,0.45,0.43,3.82,1.0,1.0,3.0,13.0,0.0,0.0
8480313,20232024,Logan Thompson,VGK,G,all,20,68483.0,56.14,54.0,1132.0,38.67,62.0,140.01,25.0,568.45,538.0,20.37,0.0,305.44,347.0,223.95,296.0,53.45,577.0,136.0,71.0,16.51,16.62,23.01,17.0,17.0,20.0,348.0,0.0,0.0
8480313,20232024,Logan Thompson,VGK,G,5on5,20,55333.0,37.73,38.0,907.0,29.0,45.0,115.85,22.0,447.59,434.0,16.21,0.0,243.46,286.0,179.3,230.0,36.54,479.0,102.0,40.0,13.39,12.84,11.51,16.0,13.0,9.0,286.0,0.0,0.0
8480313,20232024,Logan Thompson,VGK,G,4on5,20,5005.0,11.75,10.0,150.0,7.06,12.0,16.34,3.0,77.3,62.0,0.42,0.0,45.85,45.0,23.25,37.0,11.13,64.0,26.0,17.0,2.12,2.85,6.78,0.0,3.0,7.0,43.0,0.0,0.0
8480313,20232024,Logan Thompson,VGK,G,5on4,20,6700.0,1.72,0.0,31.0,0.88,1.0,2.87,0.0,19.6,20.0,3.13,0.0,5.59,7.0,13.39,17.0,1.7,18.0,4.0,3.0,0.55,0.5,0.67,0.0,0.0,0.0,6.0,0.0,0.0
8477831,20232024,Pheonix Copley,LAK,G,other,8,228.0,0.25,0.0,5.0,0.09,0.0,0.32,0.0,1.49,2.0,0.04,0.0,0.71,0.0,0.59,2.0,0.25,0.0,2.0,0.0,0.0,0.25,0.0,0.0,0.0,0.0,3.0,0.0,0.0
8477831,20232024,Pheonix Copley,LAK,G,all,8,26177.0,20.34,23.0,372.0,14.47,16.0,44.27,11.0,194.77,177.0,7.69,0.0,104.86,117.0,75.7,96.0,19.01,186.0,59.0,21.0,5.46,7.23,7.66,7.0,10.0,6.0,106.0,0.0,0.0
8477831,20232024,Pheonix Copley,LAK,G,5on5,8,20891.0,11.69,15.0,265.0,8.98,11.0,32.92,7.0,132.89,117.0,6.12,0.0,72.32,83.0,52.69,66.0,11.34,137.0,36.0,10.0,4.06,4.38,3.26,5.0,5.0,5.0,82.0,0.0,0.0
8477831,20232024,Pheonix Copley,LAK,G,4on5,8,2587.0,6.67,4.0,82.0,4.65,4.0,8.91,3.0,46.83,48.0,0.13,0.0,27.05,31.0,14.24,19.0,5.72,39.0,15.0,9.0,1.14,1.77,3.77,0.0,3.0,1.0,19.0,0.0,0.0
8477831,20232024,Pheonix Copley,LAK,G,5on4,8,2471.0,1.11,3.0,12.0,0.47,0.0,1.1,1.0,8.75,8.0,1.2,0.0,2.91,1.0,6.12,7.0,1.11,7.0,4.0,1.0,0.12,0.65,0.35,1.0,2.0,0.0,0.0,0.0,0.0
8477970,20232024,Vitek Vanecek,NJD,G,other,22,1991.0,3.86,3.0,48.0,2.07,0.0,5.46,1.0,26.9,28.0,0.53,0.0,16.02,23.0,7.74,9.0,3.75,23.0,9.0,4.0,1.06,1.14,1.65,0.0,0.0,3.0,12.0,0.0,0.0
8477970,20232024,Vitek Vanecek,NJD,G,all,22,72806.0,56.34,66.0,1078.0,40.53,52.0,139.68,22.0,591.41,574.0,22.29,5.0,317.6,357.0,232.9,306.0,53.78,599.0,143.0,65.0,16.62,17.71,22.01,17.0,23.0,26.0,271.0,0.0,0.0
8477970,20232024,Vitek Vanecek,NJD,G,5on5,22,60181.0,38.39,49.0,844.0,29.09,39.0,112.81,17.0,456.98,444.0,18.37,4.0,242.51,272.0,186.73,244.0,37.34,472.0,112.0,41.0,13.26,14.11,11.03,14.0,22.0,13.0,219.0,0.0,0.0
8477970,20232024,Vitek Vanecek,NJD,G,4on5,22,5872.0,12.11,12.0,166.0,8.62,13.0,19.67,4.0,92.58,87.0,0.47,0.0,54.89,57.0,28.47,41.0,10.77,92.0,18.0,17.0,1.79,1.96,8.36,3.0,0.0,9.0,39.0,0.0,0.0
8477970,20232024,Vitek Vanecek,NJD,G,5on4,22,4762.0,1.97,2.0,19.0,0.75,0.0,1.73,0.0,14.95,15.0,2.68,1.0,4.17,5.0,9.96,12.0,1.92,12.0,4.0,3.0,0.5,0.5,0.97,0.0,1.0,1.0,0.0,0.0,0.0
8478435,20232024,Dan Vladar,CGY,G,other,11,1007.0,2.22,1.0,28.0,0.94,2.0,2.89,3.0,14.01,13.0,0.59,2.0,7.87,8.0,4.63,5.0,1.57,11.0,5.0,3.0,0.39,0.53,1.3,0.0,1.0,0.0,9.0,0.0,0.0
8478435,20232024,Dan Vladar,CGY,G,all,11,38140.0,31.36,36.0,659.0,22.61,20.0,78.48,17.0,336.43,314.0,10.9,2.0,186.9,217.0,134.62,173.0,29.68,333.0,110.0,22.0,10.42,13.45,7.49,13.0,17.0,6.0,194.0,0.0,0.0
8478435,20232024,Dan Vladar,CGY,G,5on5,11,31391.0,21.16,27.0,514.0,16.4,13.0,62.13,12.0,257.06,241.0,8.73,0.0,142.21,167.0,105.57,136.0,20.55,263.0,81.0,12.0,7.45,10.03,3.68,9.0,15.0,3.0,158.0,0.0,0.0
8478435,20232024,Dan Vladar,CGY,G,4on5,11,3113.0,6.76,7.0,93.0,4.48,4.0,10.88,2.0,51.67,47.0,0.35,0.0,31.16,35.0,16.09,22.0,6.38,44.0,22.0,5.0,2.05,2.66,2.05,3.0,1.0,3.0,22.0,0.0,0.0
8478435,20232024,Dan Vladar,CGY,G,5on4,11,2629.0,0.39,1.0,11.0,0.29,0.0,1.11,0.0,6.44,8.0,0.93,0.0,2.21,5.0,4.78,3.0,0.39,8.0,0.0,1.0,0.18,0.0,0.21,1.0,0.0,0.0,2.0,0.0,0.0
8477465,20232024,Tristan Jarry,PIT,G,other,23,1799.0,2.76,3.0,41.0,1.51,2.0,4.31,1.0,20.66,19.0,1.06,0.0,12.34,9.0,7.3,13.0,2.65,17.0,9.0,3.0,0.68,1.09,0.99,0.0,3.0,0.0,12.0,0.0,0.0
8477465,20232024,Tristan Jarry,PIT,G,all,23,76702.0,63.09,53.0,1257.0,47.79,73.0,167.63,25.0,695.84,631.0,26.18,3.0,372.8,409.0,272.1,384.0,59.9,720.0,155.0,72.0,21.5,19.12,22.48,15.0,18.0,20.0,310.0,2.0,1.0
8477465,20232024,Tristan Jarry,PIT,G,5on5,23,62119.0,46.37,36.0,997.0,36.4,61.0,138.83,20.0,555.86,508.0,21.3,3.0,296.05,333.0,220.49,305.0,43.94,588.0,118.0,51.0,17.28,14.78,14.31,13.0,11.0,12.0,240.0,2.0,1.0
8477465,20232024,Tristan Jarry,PIT,G,4on5,23,6769.0,11.78,11.0,190.0,8.68,10.0,21.51,4.0,98.41,83.0,0.62,0.0,57.28,58.0,30.44,50.0,11.12,94.0,25.0,14.0,2.92,2.83,6.04,1.0,4.0,6.0,57.0,0.0,0.0
8477465,20232024,Tristan Jarry,PIT,G,5on4,23,6015.0,2.18,3.0,29.0,1.19,0.0,2.99,0.0,20.91,21.0,3.2,0.0,7.12,9.0,13.88,16.0,2.18,21.0,3.0,4.0,0.61,0.42,1.15,1.0,0.0,2.0,1.0,0.0,0.0
8478007,20232024,Elvis Merzlikins,CBJ,G,other,22,2017.0,4.63,7.0,76.0,3.2,4.0,8.53,6.0,42.96,37.0,0.78,0.0,24.97,24.0,15.15,17.0,4.21,36.0,18.0,4.0,1.56,2.1,0.98,3.0,4.0,0.0,18.0,0.0,0.0
8478007,20232024,Elvis Merzlikins,CBJ,G,all,22,75344.0,68.93,67.0,1478.0,52.09,89.0,179.47,42.0,748.82,725.0,23.19,7.0,408.94,468.0,290.8,357.0,65.24,748.0,203.0,75.0,22.1,25.34,21.5,30.0,25.0,12.0,452.0,4.0,2.0
8478007,20232024,Elvis Merzlikins,CBJ,G,5on5,22,61670.0,52.03,51.0,1161.0,37.7,76.0,141.83,24.0,573.97,560.0,18.17,7.0,306.73,358.0,227.16,273.0,49.55,575.0,156.0,54.0,17.18,19.89,14.97,24.0,21.0,6.0,376.0,2.0,1.0
8478007,20232024,Elvis Merzlikins,CBJ,G,4on5,22,5736.0,9.39,6.0,208.0,9.72,8.0,25.24,11.0,108.65,101.0,0.5,0.0,68.25,76.0,35.5,51.0,8.7,117.0,24.0,11.0,2.89,2.69,3.81,2.0,0.0,4.0,56.0,0.0,0.0
8478007,20232024,Elvis Merzlikins,CBJ,G,5on4,22,5921.0,1.41,0.0,22.0,0.87,0.0,2.42,1.0,15.34,18.0,3.65,0.0,5.53,7.0,10.2,13.0,1.4,15.0,4.0,2.0,0.35,0.48,0.59,0.0,0.0,0.0,1.0,0.0,0.0
8477361,20232024,Cal Petersen,PHI,G,other,2,28.0,0.0,0.0,0.0,0.0,0.0,0.0,0.0,0.0,0.0,0.0,0.0,0.0,0.0,0.0,0.0,0.0,0.0,0.0,0.0,0.0,0.0,0.0,0.0,0.0,0.0,0.0,0.0,0.0
8477361,20232024,Cal Petersen,PHI,G,all,2,7200.0,6.1,7.0,132.0,4.56,9.0,17.38,2.0,69.5,67.0,1.71,0.0,38.07,44.0,29.42,36.0,5.66,77.0,14.0,7.0,2.0,1.95,2.15,4.0,2.0,1.0,34.0,0.0,0.0
8477361,20232024,Cal Petersen,PHI,G,5on5,2,5364.0,4.22,6.0,110.0,3.35,6.0,14.63,1.0,56.28,53.0,1.23,0.0,31.06,38.0,24.76,29.0,4.13,65.0,12.0,3.0,1.75,1.67,0.8,4.0,2.0,0.0,30.0,0.0,0.0
8477361,20232024,Cal Petersen,PHI,G,4on5,2,868.0,1.85,1.0,19.0,1.16,3.0,2.52,1.0,11.81,12.0,0.09,0.0,6.56,6.0,3.49,5.0,1.48,10.0,2.0,4.0,0.22,0.29,1.34,0.0,0.0,1.0,3.0,0.0,0.0
8477361,20232024,Cal Petersen,PHI,G,5on4,2,940.0,0.04,0.0,3.0,0.05,0.0,0.24,0.0,1.4,2.0,0.4,0.0,0.46,0.0,1.17,2.0,0.04,2.0,0.0,0.0,0.04,0.0,0.0,0.0,0.0,0.0,1.0,0.0,0.0
8480238,20232024,Jiri Patera,VGK,G,other,4,277.0,1.24,2.0,11.0,0.49,0.0,1.58,0.0,7.68,9.0,0.04,0.0,4.11,7.0,2.34,1.0,1.01,4.0,5.0,1.0,0.17,0.57,0.49,0.0,1.0,1.0,1.0,0.0,0.0
8480238,20232024,Jiri Patera,VGK,G,all,4,11766.0,10.53,13.0,236.0,8.29,11.0,30.32,6.0,123.67,127.0,3.0,1.0,70.73,93.0,47.95,49.0,9.91,129.0,33.0,10.0,3.52,4.32,2.69,6.0,4.0,3.0,64.0,0.0,0.0
8480238,20232024,Jiri Patera,VGK,G,5on5,4,9364.0,6.82,7.0,186.0,5.68,10.0,23.05,6.0,91.02,91.0,2.33,1.0,51.4,65.0,37.91,40.0,6.51,102.0,20.0,6.0,2.82,2.62,1.38,5.0,2.0,0.0,58.0,0.0,0.0
8480238,20232024,Jiri Patera,VGK,G,4on5,4,1095.0,2.47,4.0,39.0,2.12,1.0,5.7,0.0,24.97,27.0,0.18,0.0,15.23,21.0,7.71,8.0,2.39,23.0,8.0,3.0,0.52,1.14,0.81,1.0,1.0,2.0,5.0,0.0,0.0
8480238,20232024,Jiri Patera,VGK,G,5on4,4,1030.0,0.0,0.0,0.0,0.0,0.0,0.0,0.0,0.0,0.0,0.45,0.0,0.0,0.0,0.0,0.0,0.0,0.0,0.0,0.0,0.0,0.0,0.0,0.0,0.0,0.0,0.0,0.0,0.0
8478916,20232024,Joey Daccord,SEA,G,other,21,1757.0,4.9,6.0,60.0,2.49,1.0,7.21,4.0,36.32,31.0,0.7,0.0,21.13,23.0,13.13,16.0,4.7,37.0,8.0,5.0,1.34,1.03,2.52,1.0,1.0,4.0,10.0,0.0,0.0
8478916,20232024,Joey Daccord,SEA,G,all,21,72453.0,49.81,51.0,1159.0,40.42,58.0,158.2,41.0,618.52,583.0,20.09,2.0,342.01,442.0,248.47,264.0,47.85,675.0,140.0,45.0,18.11,16.73,14.97,13.0,22.0,16.0,299.0,0.0,0.0
8478916,20232024,Joey Daccord,SEA,G,5on5,21,60107.0,35.48,31.0,916.0,30.2,50.0,130.15,33.0,486.04,463.0,16.09,1.0,264.91,358.0,196.65,200.0,34.04,538.0,106.0,30.0,13.96,12.51,9.01,8.0,14.0,9.0,242.0,0.0,0.0
8478916,20232024,Joey Daccord,SEA,G,4on5,21,5383.0,7.53,9.0,153.0,6.61,6.0,17.94,4.0,77.59,68.0,0.49,1.0,48.77,56.0,26.47,33.0,7.2,84.0,19.0,7.0,2.45,2.38,2.69,3.0,4.0,2.0,43.0,0.0,0.0
8478916,20232024,Joey Daccord,SEA,G,5on4,21,5206.0,1.4,2.0,22.0,0.72,0.0,2.02,0.0,13.79,16.0,2.51,0.0,4.74,4.0,9.66,13.0,1.4,13.0,3.0,3.0,0.27,0.37,0.76,0.0,1.0,1.0,3.0,0.0,0.0
8482821,20232024,Arvid Soderblom,CHI,G,other,15,745.0,2.93,1.0,28.0,1.46,2.0,3.57,1.0,18.05,15.0,0.32,0.0,8.92,11.0,5.55,8.0,2.4,10.0,8.0,5.0,0.36,0.95,1.63,0.0,0.0,1.0,5.0,0.0,0.0
8482821,20232024,Arvid Soderblom,CHI,G,all,15,49471.0,50.39,57.0,880.0,33.37,52.0,107.7,13.0,462.4,438.0,12.6,2.0,249.45,266.0,176.62,241.0,47.67,422.0,151.0,60.0,12.51,18.96,18.92,18.0,26.0,13.0,247.0,0.0,0.0
8482821,20232024,Arvid Soderblom,CHI,G,5on5,15,40952.0,36.62,43.0,733.0,26.34,42.0,91.84,10.0,380.57,361.0,10.58,2.0,204.66,217.0,150.66,208.0,35.19,363.0,121.0,39.0,10.8,15.28,10.54,17.0,21.0,5.0,210.0,0.0,0.0
8482821,20232024,Arvid Soderblom,CHI,G,4on5,15,3740.0,9.41,13.0,103.0,4.92,8.0,10.96,2.0,55.15,55.0,0.36,0.0,32.35,35.0,15.66,16.0,8.82,43.0,18.0,14.0,1.2,2.12,6.09,1.0,5.0,7.0,28.0,0.0,0.0
8482821,20232024,Arvid Soderblom,CHI,G,5on4,15,4034.0,1.11,0.0,13.0,0.5,0.0,0.99,0.0,6.43,6.0,1.25,0.0,2.35,2.0,3.79,7.0,1.0,5.0,2.0,2.0,0.12,0.33,0.67,0.0,0.0,0.0,4.0,0.0,0.0
8478499,20232024,Adin Hill,VGK,G,other,15,834.0,2.77,3.0,29.0,1.11,0.0,3.36,2.0,17.08,18.0,0.45,0.0,8.93,10.0,7.23,9.0,2.53,14.0,5.0,5.0,0.51,0.52,1.74,2.0,0.0,1.0,5.0,0.0,0.0
8478499,20232024,Adin Hill,VGK,G,all,15,50468.0,39.63,27.0,886.0,30.06,41.0,106.11,38.0,433.88,407.0,14.34,0.0,242.32,276.0,175.67,226.0,37.8,471.0,91.0,47.0,13.52,10.78,15.33,10.0,8.0,9.0,277.0,0.0,0.0
8478499,20232024,Adin Hill,VGK,G,5on5,15,40044.0,27.2,19.0,689.0,22.09,34.0,84.77,31.0,331.99,312.0,11.0,0.0,183.94,209.0,137.17,173.0,26.1,370.0,69.0,28.0,10.85,8.31,8.05,8.0,7.0,4.0,222.0,0.0,0.0
8478499,20232024,Adin Hill,VGK,G,4on5,15,4864.0,8.46,4.0,151.0,6.15,6.0,16.06,5.0,73.21,62.0,0.41,0.0,45.25,56.0,23.68,31.0,7.98,76.0,13.0,13.0,1.73,1.47,5.26,0.0,1.0,3.0,49.0,0.0,0.0
8478499,20232024,Adin Hill,VGK,G,5on4,15,4726.0,0.83,1.0,14.0,0.55,1.0,1.47,0.0,9.15,12.0,2.33,0.0,3.34,1.0,6.51,10.0,0.83,10.0,2.0,1.0,0.38,0.18,0.28,0.0,0.0,1.0,1.0,0.0,0.0
8476932,20232024,Anthony Stolarz,FLA,G,other,9,933.0,1.42,3.0,18.0,0.77,1.0,2.03,0.0,9.97,11.0,0.38,0.0,6.24,6.0,3.24,4.0,1.39,11.0,1.0,2.0,0.42,0.09,0.91,0.0,1.0,2.0,4.0,0.0,0.0
8476932,20232024,Anthony Stolarz,FLA,G,all,9,29756.0,21.43,18.0,405.0,15.02,37.0,55.59,15.0,221.61,211.0,10.33,1.0,120.33,121.0,86.79,114.0,20.62,216.0,66.0,25.0,5.76,7.86,7.81,5.0,6.0,7.0,98.0,2.0,1.0
8476932,20232024,Anthony Stolarz,FLA,G,5on5,9,23979.0,15.2,9.0,315.0,11.54,32.0,46.48,15.0,176.09,169.0,8.02,1.0,94.79,91.0,69.62,95.0,14.62,178.0,49.0,17.0,4.62,5.96,4.62,5.0,3.0,1.0,71.0,2.0,1.0
8476932,20232024,Anthony Stolarz,FLA,G,4on5,9,2567.0,4.38,5.0,63.0,2.4,4.0,6.24,0.0,29.4,23.0,0.19,0.0,16.96,22.0,9.06,9.0,4.18,20.0,15.0,5.0,0.58,1.72,2.07,0.0,1.0,4.0,23.0,0.0,0.0
8476932,20232024,Anthony Stolarz,FLA,G,5on4,9,2277.0,0.44,1.0,9.0,0.32,0.0,0.83,0.0,6.15,8.0,1.75,0.0,2.35,2.0,4.86,6.0,0.44,7.0,1.0,1.0,0.13,0.1,0.21,0.0,1.0,0.0,0.0,0.0,0.0
8474636,20232024,Michael Hutchinson,DET,G,other,1,21.0,0.0,0.0,0.0,0.0,0.0,0.0,0.0,0.0,0.0,0.0,0.0,0.0,0.0,0.0,0.0,0.0,0.0,0.0,0.0,0.0,0.0,0.0,0.0,0.0,0.0,0.0,0.0,0.0
8474636,20232024,Michael Hutchinson,DET,G,all,1,3468.0,2.98,3.0,64.0,2.49,1.0,9.0,2.0,38.25,36.0,0.8,1.0,20.75,24.0,15.6,21.0,2.85,39.0,12.0,1.0,1.15,1.48,0.35,1.0,2.0,0.0,12.0,0.0,0.0
8474636,20232024,Michael Hutchinson,DET,G,5on5,1,2627.0,1.87,3.0,44.0,1.61,1.0,6.67,1.0,26.54,22.0,0.56,1.0,14.4,14.0,10.62,16.0,1.82,30.0,5.0,1.0,0.84,0.68,0.35,1.0,2.0,0.0,8.0,0.0,0.0
8474636,20232024,Michael Hutchinson,DET,G,4on5,1,481.0,1.0,0.0,17.0,0.8,0.0,1.96,1.0,9.5,11.0,0.05,0.0,5.66,9.0,3.29,3.0,0.92,6.0,7.0,0.0,0.21,0.79,0.0,0.0,0.0,0.0,4.0,0.0,0.0
8474636,20232024,Michael Hutchinson,DET,G,5on4,1,339.0,0.11,0.0,3.0,0.08,0.0,0.37,0.0,2.21,3.0,0.18,0.0,0.69,1.0,1.7,2.0,0.11,3.0,0.0,0.0,0.11,0.0,0.0,0.0,0.0,0.0,0.0,0.0,0.0
8475839,20232024,Louis Domingue,NYR,G,other,1,136.0,0.91,0.0,7.0,0.37,1.0,0.75,0.0,4.64,4.0,0.02,0.0,3.0,4.0,0.83,1.0,0.73,3.0,1.0,2.0,0.16,0.12,0.63,0.0,0.0,0.0,1.0,0.0,0.0
8475839,20232024,Louis Domingue,NYR,G,all,1,3600.0,2.42,1.0,63.0,2.26,4.0,7.89,1.0,33.09,26.0,1.04,2.0,20.36,25.0,13.96,17.0,2.23,40.0,6.0,2.0,1.03,0.76,0.63,0.0,1.0,0.0,15.0,0.0,0.0
8475839,20232024,Louis Domingue,NYR,G,5on5,1,3225.0,1.47,1.0,52.0,1.73,3.0,6.25,1.0,25.47,19.0,0.94,2.0,15.84,19.0,11.83,14.0,1.45,33.0,5.0,0.0,0.83,0.64,0.0,0.0,1.0,0.0,14.0,0.0,0.0
8475839,20232024,Louis Domingue,NYR,G,4on5,1,120.0,0.03,0.0,3.0,0.14,0.0,0.79,0.0,2.31,2.0,0.02,0.0,1.3,1.0,0.67,2.0,0.03,3.0,0.0,0.0,0.03,0.0,0.0,0.0,0.0,0.0,0.0,0.0,0.0
8475839,20232024,Louis Domingue,NYR,G,5on4,1,119.0,0.01,0.0,1.0,0.03,0.0,0.1,0.0,0.66,1.0,0.07,0.0,0.22,1.0,0.63,0.0,0.01,1.0,0.0,0.0,0.01,0.0,0.0,0.0,0.0,0.0,0.0,0.0,0.0
8475809,20232024,Scott Wedgewood,DAL,G,other,13,840.0,3.79,4.0,43.0,1.94,4.0,5.12,1.0,25.07,23.0,0.19,0.0,14.18,17.0,7.02,7.0,3.35,18.0,10.0,5.0,0.73,1.21,1.85,0.0,2.0,2.0,10.0,0.0,0.0
8475809,20232024,Scott Wedgewood,DAL,G,all,13,46758.0,35.2,39.0,784.0,27.2,42.0,104.58,15.0,418.56,411.0,12.68,2.0,228.68,262.0,166.2,218.0,33.78,452.0,83.0,41.0,12.36,9.98,12.86,14.0,9.0,16.0,208.0,0.0,0.0
8475809,20232024,Scott Wedgewood,DAL,G,5on5,13,39388.0,24.56,26.0,624.0,19.75,32.0,86.22,12.0,327.56,325.0,10.95,1.0,176.97,209.0,133.47,173.0,23.89,367.0,55.0,30.0,9.6,6.68,8.28,10.0,6.0,10.0,172.0,0.0,0.0
8475809,20232024,Scott Wedgewood,DAL,G,4on5,13,3305.0,5.19,5.0,91.0,4.75,5.0,10.72,2.0,50.86,47.0,0.24,0.0,32.35,32.0,16.32,27.0,4.9,54.0,13.0,4.0,1.6,1.51,2.08,2.0,0.0,3.0,20.0,0.0,0.0
8475809,20232024,Scott Wedgewood,DAL,G,5on4,13,3225.0,0.95,3.0,18.0,0.53,0.0,1.45,0.0,10.55,11.0,1.19,1.0,3.11,3.0,7.66,8.0,0.95,9.0,4.0,1.0,0.25,0.5,0.2,2.0,1.0,0.0,4.0,0.0,0.0
8478024,20232024,Ville Husso,DET,G,other,18,2007.0,3.56,4.0,44.0,1.73,2.0,5.64,1.0,27.06,22.0,0.8,0.0,13.55,14.0,10.63,15.0,3.46,22.0,11.0,3.0,0.93,1.35,1.27,0.0,2.0,2.0,8.0,0.0,0.0
8478024,20232024,Ville Husso,DET,G,all,18,60247.0,54.07,59.0,1129.0,41.6,70.0,149.11,27.0,598.8,549.0,16.88,3.0,324.17,368.0,234.78,299.0,51.46,616.0,153.0,56.0,17.88,19.58,16.6,24.0,24.0,11.0,304.0,0.0,0.0
8478024,20232024,Ville Husso,DET,G,5on5,18,47199.0,35.54,39.0,868.0,28.87,46.0,116.78,22.0,447.28,407.0,13.05,3.0,247.13,283.0,178.87,231.0,34.1,482.0,110.0,31.0,13.48,13.89,8.16,17.0,19.0,3.0,245.0,0.0,0.0
8478024,20232024,Ville Husso,DET,G,4on5,18,5324.0,12.41,11.0,183.0,9.87,20.0,23.08,3.0,99.52,93.0,0.49,0.0,56.32,68.0,28.47,32.0,11.37,88.0,27.0,19.0,2.69,3.68,6.03,4.0,2.0,5.0,49.0,0.0,0.0
8478024,20232024,Ville Husso,DET,G,5on4,18,5717.0,2.49,5.0,33.0,1.07,2.0,3.52,1.0,24.2,26.0,2.47,0.0,6.82,2.0,16.43,21.0,2.45,23.0,5.0,3.0,0.7,0.66,1.13,3.0,1.0,1.0,2.0,0.0,0.0
8476341,20232024,Anton Forsberg,OTT,G,other,12,1075.0,1.6,2.0,29.0,0.87,1.0,2.44,2.0,11.96,11.0,0.51,1.0,8.32,10.0,3.31,2.0,1.58,12.0,4.0,1.0,0.33,0.36,0.91,1.0,0.0,1.0,12.0,0.0,0.0
8476341,20232024,Anton Forsberg,OTT,G,all,12,40447.0,27.08,37.0,625.0,20.12,33.0,75.24,13.0,306.42,301.0,11.34,6.0,162.0,181.0,122.22,152.0,25.73,318.0,69.0,30.0,7.97,8.88,10.23,15.0,9.0,13.0,208.0,0.0,0.0
8476341,20232024,Anton Forsberg,OTT,G,5on5,12,31741.0,20.41,27.0,490.0,14.93,25.0,60.85,8.0,239.64,237.0,8.73,2.0,121.12,136.0,97.72,126.0,19.15,242.0,62.0,19.0,6.74,8.25,5.42,14.0,9.0,4.0,167.0,0.0,0.0
8476341,20232024,Anton Forsberg,OTT,G,4on5,12,3439.0,4.29,7.0,93.0,3.93,5.0,10.66,3.0,46.48,42.0,0.35,0.0,29.99,32.0,15.46,19.0,4.23,56.0,2.0,8.0,0.69,0.18,3.42,0.0,0.0,7.0,27.0,0.0,0.0
8476341,20232024,Anton Forsberg,OTT,G,5on4,12,4192.0,0.78,1.0,13.0,0.39,2.0,1.29,0.0,8.34,11.0,1.75,3.0,2.57,3.0,5.73,5.0,0.77,8.0,1.0,2.0,0.21,0.08,0.49,0.0,0.0,1.0,2.0,0.0,0.0
