player_id,season,player,team,position,situation,gp,toi,xGoals,goals,unblocked_shot_attempts,xRebounds,rebounds,xFreeze,freeze,xOnGoal,shots,xPlayStopped,playStopped,xPlayContinuedInZone,playContinuedInZone,xPlayContinuedOutsideZone,playContinuedOutsideZone,flurryAdjustedxGoals,ldsc,mdsc,hdsc,ldsc_xg,mdsc_xg,hdsc_xg,ldsc_g,mdsc_g,hdsc_g,blocked_shot_attempts,pim,penalties
8470140,20112012,Kari Lehtonen,DAL,G,other,59,6237.0,10.55,7.0,201.0,7.45,7.0,22.7,15.0,108.21,104.0,2.02,0.0,59.31,59.0,45.51,57.0,9.97,109.0,29.0,11.0,3.34,3.67,3.54,3.0,3.0,1.0,52.0,0.0,0.0
8470140,20112012,Kari Lehtonen,DAL,G,all,59,208609.0,135.05,136.0,3356.0,119.14,129.0,404.19,371.0,1744.25,1739.0,52.84,43.0,996.42,849.0,740.86,903.0,129.67,1941.0,396.0,116.0,51.81,48.15,35.09,52.0,52.0,32.0,903.0,0.0,0.0
8470140,20112012,Kari Lehtonen,DAL,G,5on5,59,164862.0,92.55,96.0,2476.0,81.3,88.0,309.53,287.0,1286.34,1275.0,42.45,33.0,723.25,609.0,556.37,673.0,89.85,1443.0,292.0,70.0,39.04,35.5,18.0,41.0,37.0,18.0,671.0,0.0,0.0
8470140,20112012,Kari Lehtonen,DAL,G,4on5,59,20811.0,29.02,32.0,607.0,28.55,34.0,66.47,63.0,311.23,322.0,1.38,0.0,201.44,171.0,105.79,134.0,26.94,342.0,68.0,32.0,7.98,8.11,12.94,7.0,12.0,13.0,165.0,0.0,0.0
8470140,20112012,Kari Lehtonen,DAL,G,5on4,59,16699.0,2.55,1.0,63.0,1.53,0.0,4.67,4.0,34.19,35.0,6.61,10.0,10.19,7.0,31.05,38.0,2.55,43.0,5.0,3.0,1.3,0.64,0.61,1.0,0.0,0.0,12.0,0.0,0.0
8470147,20112012,Curtis McElhinney,ARI,G,other,2,71.0,0.57,0.0,5.0,0.24,0.0,0.62,1.0,3.0,4.0,0.02,0.0,1.93,2.0,0.54,1.0,0.53,0.0,3.0,1.0,0.0,0.27,0.3,0.0,0.0,0.0,1.0,0.0,0.0
8470147,20112012,Curtis McElhinney,ARI,G,all,2,4306.0,3.4,2.0,60.0,2.5,1.0,7.85,12.0,36.94,36.0,1.27,2.0,20.37,17.0,14.57,17.0,3.24,35.0,11.0,4.0,1.16,1.14,1.1,1.0,0.0,1.0,10.0,0.0,0.0
8470147,20112012,Curtis McElhinney,ARI,G,5on5,2,3692.0,2.21,2.0,47.0,1.78,1.0,6.09,10.0,28.18,29.0,1.03,1.0,14.84,12.0,12.05,13.0,2.13,30.0,6.0,2.0,0.99,0.67,0.54,1.0,0.0,1.0,9.0,0.0,0.0
8470147,20112012,Curtis McElhinney,ARI,G,4on5,2,240.0,0.6,0.0,7.0,0.46,0.0,0.95,1.0,4.96,3.0,0.0,0.0,3.36,3.0,1.48,2.0,0.55,4.0,2.0,1.0,0.14,0.19,0.26,0.0,0.0,0.0,0.0,0.0,0.0
8470147,20112012,Curtis McElhinney,ARI,G,5on4,2,303.0,0.03,0.0,1.0,0.02,0.0,0.19,0.0,0.79,0.0,0.22,1.0,0.23,0.0,0.51,1.0,0.03,1.0,0.0,0.0,0.03,0.0,0.0,0.0,0.0,0.0,0.0,0.0,0.0
8460703,20112012,Tim Thomas,BOS,G,other,59,5629.0,14.16,7.0,169.0,7.15,8.0,18.83,21.0,96.25,98.0,2.23,3.0,55.58,42.0,33.92,45.0,13.01,78.0,35.0,20.0,2.66,4.15,7.35,1.0,3.0,3.0,36.0,0.0,0.0
8460703,20112012,Tim Thomas,BOS,G,all,59,201091.0,129.3,132.0,2893.0,102.73,77.0,359.41,415.0,1575.35,1659.0,55.31,64.0,873.72,649.0,680.72,877.0,125.16,1702.0,384.0,111.0,47.13,46.16,36.01,47.0,47.0,38.0,696.0,0.0,0.0
8460703,20112012,Tim Thomas,BOS,G,5on5,59,161815.0,89.69,97.0,2273.0,75.65,56.0,290.79,338.0,1226.02,1293.0,44.25,52.0,670.04,476.0,537.22,711.0,87.66,1356.0,280.0,67.0,37.44,34.04,18.22,36.0,40.0,21.0,570.0,0.0,0.0
8460703,20112012,Tim Thomas,BOS,G,4on5,59,15853.0,23.35,27.0,382.0,18.45,11.0,44.25,47.0,214.53,223.0,1.23,0.0,136.33,115.0,73.66,93.0,22.4,217.0,63.0,23.0,5.95,7.22,10.19,10.0,4.0,13.0,79.0,0.0,0.0
8460703,20112012,Tim Thomas,BOS,G,5on4,59,17794.0,1.9,1.0,61.0,1.28,2.0,4.97,9.0,35.83,42.0,7.38,8.0,10.33,14.0,33.45,25.0,1.89,47.0,5.0,1.0,1.01,0.64,0.25,0.0,0.0,1.0,8.0,0.0,0.0
8464999,20112012,Mathieu Garon,T.B,G,other,48,3900.0,5.58,6.0,107.0,4.15,4.0,10.98,15.0,55.52,56.0,1.53,3.0,30.99,27.0,21.48,23.0,5.37,50.0,23.0,2.0,1.91,2.81,0.87,2.0,2.0,2.0,32.0,0.0,0.0
8464999,20112012,Mathieu Garon,T.B,G,all,48,149025.0,105.41,118.0,2351.0,84.59,79.0,269.84,252.0,1211.05,1192.0,34.19,26.0,677.07,548.0,512.21,656.0,101.23,1277.0,315.0,96.0,37.47,37.79,30.15,38.0,47.0,33.0,663.0,0.0,0.0
8464999,20112012,Mathieu Garon,T.B,G,5on5,48,120415.0,75.58,84.0,1814.0,61.85,65.0,215.85,197.0,935.35,926.0,27.61,17.0,517.95,417.0,400.62,511.0,73.07,996.0,241.0,65.0,29.06,28.83,17.69,29.0,36.0,19.0,512.0,0.0,0.0
8464999,20112012,Mathieu Garon,T.B,G,4on5,48,13334.0,20.69,23.0,360.0,16.81,10.0,37.78,35.0,181.82,174.0,0.64,0.0,116.69,94.0,61.2,90.0,19.24,191.0,45.0,23.0,5.41,5.38,9.9,7.0,8.0,8.0,101.0,0.0,0.0
8464999,20112012,Mathieu Garon,T.B,G,5on4,48,11376.0,3.38,5.0,68.0,1.69,0.0,4.93,5.0,36.78,34.0,4.33,5.0,10.8,10.0,28.17,30.0,3.37,39.0,5.0,6.0,1.07,0.62,1.69,0.0,1.0,4.0,18.0,0.0,0.0
8470320,20112012,Cam Ward,CAR,G,other,68,7571.0,17.99,14.0,238.0,8.68,11.0,26.01,24.0,127.66,122.0,2.95,4.0,70.99,56.0,48.1,67.0,15.85,112.0,39.0,25.0,3.95,4.6,9.44,3.0,3.0,8.0,62.0,0.0,0.0
8470320,20112012,Cam Ward,CAR,G,all,68,239149.0,197.6,182.0,4016.0,148.52,209.0,505.16,451.0,2185.56,2143.0,66.11,64.0,1191.29,937.0,906.22,1170.0,188.16,2281.0,546.0,192.0,65.84,67.88,63.88,63.0,52.0,67.0,997.0,4.0,2.0
8470320,20112012,Cam Ward,CAR,G,5on5,68,192010.0,138.4,133.0,3138.0,111.03,163.0,409.75,366.0,1706.84,1682.0,50.66,47.0,930.37,717.0,714.35,920.0,133.08,1827.0,411.0,121.0,53.12,51.03,34.25,53.0,41.0,39.0,779.0,4.0,2.0
8470320,20112012,Cam Ward,CAR,G,4on5,68,17361.0,33.21,27.0,516.0,25.02,31.0,58.26,51.0,276.22,252.0,1.69,1.0,166.14,144.0,91.66,125.0,31.48,271.0,75.0,37.0,6.78,9.43,17.0,6.0,5.0,16.0,133.0,0.0,0.0
8470320,20112012,Cam Ward,CAR,G,5on4,68,22207.0,5.32,2.0,95.0,2.82,3.0,7.82,8.0,59.03,69.0,10.17,11.0,17.41,16.0,45.92,51.0,5.23,61.0,15.0,5.0,1.64,2.06,1.62,0.0,1.0,1.0,14.0,0.0,0.0
8471695,20112012,Tuukka Rask,BOS,G,other,23,1978.0,5.64,4.0,65.0,2.32,2.0,7.31,9.0,35.7,36.0,1.02,1.0,17.35,7.0,13.22,22.0,5.4,26.0,14.0,7.0,0.73,1.77,3.14,0.0,2.0,2.0,18.0,0.0,0.0
8471695,20112012,Tuukka Rask,BOS,G,all,23,77364.0,49.22,44.0,1127.0,41.04,27.0,139.84,148.0,613.93,621.0,22.78,16.0,337.28,246.0,260.87,371.0,48.13,649.0,165.0,34.0,17.77,19.61,11.84,21.0,16.0,7.0,279.0,2.0,1.0
8471695,20112012,Tuukka Rask,BOS,G,5on5,23,64285.0,36.5,36.0,893.0,31.22,22.0,114.89,121.0,489.85,494.0,18.48,12.0,266.8,193.0,208.74,294.0,35.84,518.0,136.0,20.0,15.0,15.81,5.69,21.0,12.0,3.0,219.0,2.0,1.0
8471695,20112012,Tuukka Rask,BOS,G,4on5,23,6133.0,6.39,4.0,148.0,7.01,3.0,15.89,17.0,77.06,76.0,0.52,1.0,49.36,43.0,27.94,41.0,6.2,89.0,13.0,7.0,1.66,1.72,3.01,0.0,2.0,2.0,39.0,0.0,0.0
8471695,20112012,Tuukka Rask,BOS,G,5on4,23,4968.0,0.53,0.0,16.0,0.34,0.0,1.18,0.0,8.37,11.0,2.58,2.0,2.32,2.0,9.39,12.0,0.53,12.0,2.0,0.0,0.22,0.31,0.0,0.0,0.0,0.0,2.0,0.0,0.0
8468685,20112012,Henrik Lundqvist,NYR,G,other,62,7145.0,9.81,6.0,177.0,6.38,5.0,18.23,18.0,90.06,85.0,3.45,4.0,53.53,49.0,36.01,47.0,9.47,93.0,25.0,9.0,3.28,2.84,3.68,3.0,1.0,2.0,50.0,0.0,0.0
8468685,20112012,Henrik Lundqvist,NYR,G,all,62,225206.0,148.83,123.0,3507.0,118.77,109.0,403.07,392.0,1763.15,1753.0,55.08,63.0,1015.48,895.0,752.62,900.0,143.82,1947.0,425.0,125.0,54.33,52.12,42.38,51.0,36.0,36.0,1010.0,4.0,2.0
8468685,20112012,Henrik Lundqvist,NYR,G,5on5,62,180179.0,105.36,93.0,2738.0,88.73,81.0,326.31,318.0,1381.93,1377.0,42.07,45.0,788.04,695.0,599.91,708.0,102.42,1541.0,340.0,73.0,42.28,42.1,20.99,41.0,35.0,17.0,784.0,2.0,1.0
8468685,20112012,Henrik Lundqvist,NYR,G,4on5,62,19662.0,30.67,23.0,525.0,21.95,23.0,53.29,49.0,253.95,254.0,1.5,2.0,162.48,144.0,88.13,111.0,28.98,275.0,49.0,41.0,7.77,5.77,17.13,6.0,0.0,17.0,160.0,2.0,1.0
8468685,20112012,Henrik Lundqvist,NYR,G,5on4,62,18220.0,2.94,1.0,63.0,1.67,0.0,4.83,6.0,35.69,35.0,7.94,12.0,10.79,7.0,27.79,33.0,2.9,36.0,11.0,2.0,0.95,1.41,0.58,1.0,0.0,0.0,14.0,0.0,0.0
8470594,20112012,Marc-Andre Fleury,PIT,G,other,67,6340.0,11.19,8.0,177.0,7.46,7.0,19.91,18.0,101.65,98.0,3.18,3.0,55.78,41.0,43.28,62.0,10.71,94.0,36.0,11.0,3.34,4.33,3.53,2.0,4.0,2.0,36.0,0.0,0.0
8470594,20112012,Marc-Andre Fleury,PIT,G,all,67,233473.0,156.66,153.0,3286.0,123.63,131.0,393.16,325.0,1771.76,1768.0,68.01,114.0,972.83,742.0,742.96,979.0,151.31,1814.0,484.0,149.0,51.45,59.11,46.1,48.0,56.0,49.0,839.0,4.0,2.0
8470594,20112012,Marc-Andre Fleury,PIT,G,5on5,67,185768.0,110.94,119.0,2547.0,91.14,98.0,315.93,262.0,1370.32,1376.0,51.79,90.0,750.63,577.0,579.85,745.0,107.91,1430.0,376.0,87.0,41.53,45.66,23.75,44.0,46.0,29.0,654.0,2.0,1.0
8470594,20112012,Marc-Andre Fleury,PIT,G,4on5,67,20799.0,25.32,20.0,458.0,21.33,20.0,49.22,38.0,235.58,222.0,1.56,2.0,148.54,110.0,75.57,122.0,23.75,245.0,49.0,34.0,5.43,5.74,14.15,2.0,3.0,15.0,130.0,2.0,1.0
8470594,20112012,Marc-Andre Fleury,PIT,G,5on4,67,20566.0,8.13,6.0,92.0,3.4,5.0,7.23,6.0,59.42,67.0,11.25,19.0,16.14,14.0,42.41,46.0,7.99,42.0,23.0,14.0,1.01,3.38,3.75,0.0,3.0,3.0,13.0,0.0,0.0
8475252,20112012,Matt Hackett,MIN,G,other,12,904.0,1.23,1.0,17.0,0.56,1.0,1.68,0.0,9.12,10.0,0.34,0.0,4.87,3.0,4.35,8.0,1.22,9.0,2.0,2.0,0.43,0.23,0.57,0.0,0.0,1.0,4.0,0.0,0.0
8475252,20112012,Matt Hackett,MIN,G,all,12,32134.0,24.97,22.0,585.0,20.5,27.0,70.05,62.0,303.38,282.0,7.57,8.0,171.29,146.0,128.37,158.0,24.32,324.0,80.0,21.0,9.71,9.25,6.03,3.0,12.0,7.0,160.0,0.0,0.0
8475252,20112012,Matt Hackett,MIN,G,5on5,12,26658.0,18.54,18.0,496.0,16.65,21.0,61.15,59.0,257.24,242.0,5.94,7.0,145.15,127.0,109.36,126.0,18.06,289.0,57.0,13.0,8.37,6.54,3.63,3.0,11.0,4.0,137.0,0.0,0.0
8475252,20112012,Matt Hackett,MIN,G,4on5,12,2337.0,4.77,3.0,61.0,2.99,5.0,6.39,3.0,30.32,24.0,0.05,0.0,19.07,15.0,9.61,16.0,4.61,19.0,19.0,6.0,0.67,2.27,1.82,0.0,1.0,2.0,17.0,0.0,0.0
8475252,20112012,Matt Hackett,MIN,G,5on4,12,2235.0,0.44,0.0,11.0,0.3,0.0,0.84,0.0,6.69,6.0,1.24,1.0,2.2,1.0,5.05,8.0,0.44,7.0,2.0,0.0,0.23,0.2,0.0,0.0,0.0,0.0,2.0,0.0,0.0
8474682,20112012,Dustin Tokarski,T.B,G,other,5,154.0,0.17,1.0,3.0,0.13,0.0,0.38,0.0,2.14,1.0,0.06,0.0,1.06,0.0,1.21,2.0,0.17,2.0,1.0,0.0,0.05,0.12,0.0,0.0,1.0,0.0,0.0,0.0,0.0
8474682,20112012,Dustin Tokarski,T.B,G,all,5,14615.0,11.26,14.0,244.0,9.11,6.0,27.85,27.0,124.5,116.0,3.11,0.0,69.99,70.0,50.76,53.0,11.05,125.0,42.0,6.0,3.99,4.93,2.34,3.0,7.0,4.0,71.0,2.0,1.0
8474682,20112012,Dustin Tokarski,T.B,G,5on5,5,12484.0,8.7,9.0,211.0,7.57,4.0,24.38,25.0,107.18,100.0,2.72,0.0,60.42,63.0,44.47,46.0,8.53,108.0,38.0,3.0,3.54,4.49,0.67,2.0,6.0,1.0,62.0,2.0,1.0
8474682,20112012,Dustin Tokarski,T.B,G,4on5,5,1010.0,2.2,3.0,25.0,1.27,2.0,2.51,2.0,12.27,11.0,0.0,0.0,7.02,5.0,3.56,4.0,2.16,12.0,2.0,3.0,0.31,0.22,1.67,0.0,0.0,3.0,8.0,0.0,0.0
8474682,20112012,Dustin Tokarski,T.B,G,5on4,5,967.0,0.0,0.0,0.0,0.0,0.0,0.0,0.0,0.0,0.0,0.33,0.0,0.0,0.0,0.0,0.0,0.0,0.0,0.0,0.0,0.0,0.0,0.0,0.0,0.0,0.0,0.0,0.0,0.0
8474690,20112012,Kevin Poulin,NYI,G,other,6,441.0,0.97,2.0,13.0,0.59,0.0,1.27,2.0,7.46,11.0,0.14,0.0,4.53,4.0,3.41,3.0,0.94,7.0,2.0,2.0,0.24,0.27,0.46,1.0,1.0,0.0,2.0,0.0,0.0
8474690,20112012,Kevin Poulin,NYI,G,all,6,17778.0,13.65,15.0,283.0,10.14,13.0,34.3,38.0,151.58,162.0,4.42,4.0,82.34,51.0,65.62,89.0,12.85,160.0,30.0,21.0,4.07,3.65,5.93,7.0,5.0,3.0,72.0,0.0,0.0
8474690,20112012,Kevin Poulin,NYI,G,5on5,6,14802.0,10.97,11.0,231.0,7.86,11.0,28.91,27.0,124.6,126.0,3.81,4.0,65.83,43.0,53.49,74.0,10.24,132.0,23.0,16.0,3.48,2.8,4.69,5.0,3.0,3.0,60.0,0.0,0.0
8474690,20112012,Kevin Poulin,NYI,G,4on5,6,1401.0,1.38,2.0,35.0,1.59,2.0,3.94,9.0,17.56,22.0,0.08,0.0,11.54,4.0,6.83,9.0,1.34,19.0,5.0,2.0,0.28,0.58,0.52,1.0,1.0,0.0,9.0,0.0,0.0
8474690,20112012,Kevin Poulin,NYI,G,5on4,6,1134.0,0.33,0.0,4.0,0.1,0.0,0.18,0.0,1.96,3.0,0.38,0.0,0.44,0.0,1.89,3.0,0.33,2.0,0.0,1.0,0.07,0.0,0.26,0.0,0.0,0.0,1.0,0.0,0.0
8473414,20112012,Leland Irving,CGY,G,other,7,1069.0,2.65,2.0,45.0,1.94,2.0,5.96,5.0,27.42,29.0,0.34,0.0,17.22,19.0,10.29,11.0,2.33,26.0,12.0,1.0,0.93,1.42,0.3,0.0,2.0,0.0,6.0,0.0,0.0
8473414,20112012,Leland Irving,CGY,G,all,7,23665.0,18.6,21.0,414.0,15.85,19.0,52.82,50.0,229.37,239.0,5.14,3.0,131.82,118.0,94.43,110.0,17.88,247.0,62.0,12.0,8.0,7.17,3.43,8.0,7.0,6.0,93.0,0.0,0.0
8473414,20112012,Leland Irving,CGY,G,5on5,7,19107.0,13.29,18.0,318.0,11.53,15.0,42.09,41.0,176.45,185.0,4.31,3.0,99.2,84.0,74.14,85.0,12.96,200.0,36.0,10.0,6.12,4.26,2.9,8.0,4.0,6.0,72.0,0.0,0.0
8473414,20112012,Leland Irving,CGY,G,4on5,7,2101.0,2.36,1.0,47.0,2.26,2.0,4.51,4.0,23.0,22.0,0.04,0.0,14.8,13.0,8.33,13.0,2.29,19.0,14.0,0.0,0.87,1.49,0.0,0.0,1.0,0.0,14.0,0.0,0.0
8473414,20112012,Leland Irving,CGY,G,5on4,7,1388.0,0.3,0.0,4.0,0.12,0.0,0.27,0.0,2.5,3.0,0.45,0.0,0.59,2.0,1.67,1.0,0.3,2.0,0.0,1.0,0.08,0.0,0.22,0.0,0.0,0.0,1.0,0.0,0.0
8473541,20112012,Jonathan Bernier,L.A,G,other,16,1279.0,1.5,3.0,28.0,0.71,0.0,2.34,1.0,11.47,14.0,0.5,0.0,6.12,5.0,4.93,6.0,1.48,10.0,3.0,3.0,0.29,0.39,0.82,0.0,0.0,3.0,12.0,0.0,0.0
8473541,20112012,Jonathan Bernier,L.A,G,all,16,53412.0,33.13,35.0,704.0,26.34,25.0,86.43,90.0,389.21,383.0,14.57,7.0,213.68,153.0,161.89,211.0,31.98,410.0,92.0,32.0,11.75,11.5,9.89,11.0,10.0,14.0,170.0,0.0,0.0
8473541,20112012,Jonathan Bernier,L.A,G,5on5,16,41435.0,22.36,26.0,521.0,18.06,21.0,65.49,70.0,287.97,278.0,11.62,5.0,153.34,98.0,123.5,159.0,21.53,308.0,64.0,20.0,9.13,7.97,5.25,10.0,10.0,6.0,129.0,0.0,0.0
8473541,20112012,Jonathan Bernier,L.A,G,4on5,16,5895.0,8.21,6.0,142.0,7.08,4.0,17.1,18.0,79.73,80.0,0.35,0.0,50.87,44.0,27.14,40.0,7.91,85.0,20.0,8.0,2.06,2.56,3.59,1.0,0.0,5.0,29.0,0.0,0.0
8473541,20112012,Jonathan Bernier,L.A,G,5on4,16,4803.0,0.81,0.0,10.0,0.31,0.0,1.08,1.0,7.77,9.0,1.86,2.0,2.22,3.0,5.35,6.0,0.81,6.0,3.0,1.0,0.24,0.34,0.22,0.0,0.0,0.0,0.0,0.0,0.0
8462161,20112012,Brent Johnson,PIT,G,other,16,1584.0,2.88,2.0,37.0,1.33,1.0,3.6,6.0,19.48,19.0,0.99,1.0,11.39,8.0,7.09,10.0,2.66,14.0,9.0,4.0,0.45,0.98,1.46,1.0,0.0,1.0,10.0,0.0,0.0
8462161,20112012,Brent Johnson,PIT,G,all,16,48665.0,34.96,42.0,664.0,25.29,29.0,80.54,81.0,361.79,359.0,14.25,27.0,196.79,148.0,147.81,191.0,33.91,336.0,132.0,29.0,9.91,15.7,9.36,13.0,18.0,11.0,167.0,0.0,0.0
8462161,20112012,Brent Johnson,PIT,G,5on5,16,38786.0,26.12,32.0,531.0,19.53,25.0,67.15,62.0,289.73,283.0,10.65,23.0,156.53,122.0,118.41,150.0,25.44,282.0,94.0,21.0,8.19,11.37,6.56,11.0,14.0,7.0,134.0,0.0,0.0
8462161,20112012,Brent Johnson,PIT,G,4on5,16,3677.0,5.46,7.0,83.0,4.11,3.0,8.78,12.0,44.08,46.0,0.29,0.0,26.4,15.0,14.86,24.0,5.31,31.0,26.0,4.0,1.08,3.04,1.34,1.0,3.0,3.0,22.0,0.0,0.0
8462161,20112012,Brent Johnson,PIT,G,5on4,16,4618.0,0.51,1.0,13.0,0.33,0.0,1.01,1.0,8.5,11.0,2.3,3.0,2.47,3.0,7.45,7.0,0.5,9.0,3.0,0.0,0.2,0.31,0.0,0.0,1.0,0.0,1.0,0.0,0.0
8471679,20112012,Carey Price,MTL,G,other,65,6948.0,20.78,14.0,252.0,9.59,9.0,28.21,30.0,139.04,133.0,3.07,5.0,70.81,66.0,54.09,65.0,17.81,114.0,46.0,28.0,3.8,5.72,11.27,5.0,4.0,5.0,64.0,0.0,0.0
8471679,20112012,Carey Price,MTL,G,all,65,236346.0,168.07,160.0,3716.0,128.97,124.0,439.42,448.0,1917.21,1914.0,58.3,47.0,1049.37,839.0,806.96,1030.0,160.78,1996.0,506.0,152.0,52.88,62.03,53.16,54.0,55.0,51.0,1062.0,4.0,2.0
8471679,20112012,Carey Price,MTL,G,5on5,65,184141.0,108.71,115.0,2822.0,93.56,90.0,348.75,360.0,1456.96,1468.0,43.18,31.0,798.06,618.0,618.54,790.0,105.53,1564.0,369.0,81.0,41.79,44.9,22.02,45.0,44.0,26.0,808.0,4.0,2.0
8471679,20112012,Carey Price,MTL,G,4on5,65,22944.0,31.11,25.0,535.0,22.39,22.0,53.52,51.0,254.35,242.0,1.75,2.0,160.19,139.0,85.3,117.0,30.03,256.0,71.0,34.0,5.54,8.53,17.04,3.0,5.0,17.0,174.0,0.0,0.0
8471679,20112012,Carey Price,MTL,G,5on4,65,22313.0,6.96,6.0,96.0,3.08,2.0,7.53,6.0,60.41,67.0,10.08,9.0,17.37,15.0,45.45,52.0,6.9,55.0,18.0,9.0,1.51,2.62,2.84,1.0,2.0,3.0,14.0,0.0,0.0
8474593,20112012,Jacob Markstrom,FLA,G,other,7,648.0,2.84,2.0,28.0,1.73,6.0,4.23,7.0,19.41,19.0,0.13,0.0,9.06,4.0,6.42,5.0,2.56,14.0,5.0,6.0,0.54,0.6,1.7,0.0,0.0,2.0,3.0,0.0,0.0
8474593,20112012,Jacob Markstrom,FLA,G,all,7,22995.0,19.04,17.0,362.0,15.07,21.0,47.65,44.0,209.91,222.0,5.55,6.0,117.96,85.0,85.37,113.0,18.24,215.0,61.0,16.0,6.89,7.45,4.71,6.0,6.0,5.0,70.0,0.0,0.0
8474593,20112012,Jacob Markstrom,FLA,G,5on5,7,19046.0,12.79,13.0,285.0,10.48,10.0,37.03,32.0,159.81,168.0,4.72,6.0,90.21,65.0,67.44,93.0,12.54,170.0,47.0,6.0,5.33,5.75,1.7,5.0,5.0,3.0,62.0,0.0,0.0
8474593,20112012,Jacob Markstrom,FLA,G,4on5,7,1355.0,3.14,2.0,43.0,2.68,4.0,5.77,4.0,26.88,30.0,0.09,0.0,17.53,16.0,8.85,12.0,2.86,27.0,9.0,3.0,0.94,1.09,1.1,1.0,1.0,0.0,4.0,0.0,0.0
8474593,20112012,Jacob Markstrom,FLA,G,5on4,7,1946.0,0.28,0.0,6.0,0.17,1.0,0.62,1.0,3.82,5.0,0.62,0.0,1.16,0.0,2.66,3.0,0.27,4.0,0.0,1.0,0.07,0.0,0.21,0.0,0.0,0.0,1.0,0.0,0.0
8475097,20112012,Brad Thiessen,PIT,G,other,5,642.0,1.41,1.0,17.0,0.62,1.0,1.9,2.0,8.94,10.0,0.29,0.0,4.6,5.0,3.17,2.0,1.29,7.0,2.0,3.0,0.21,0.28,0.92,0.0,0.0,1.0,5.0,0.0,0.0
8475097,20112012,Brad Thiessen,PIT,G,all,5,15464.0,10.19,16.0,222.0,7.78,5.0,26.26,29.0,117.24,113.0,5.34,5.0,66.46,44.0,50.48,63.0,9.79,123.0,33.0,9.0,3.2,3.88,3.11,2.0,10.0,4.0,57.0,2.0,1.0
8475097,20112012,Brad Thiessen,PIT,G,5on5,5,12526.0,6.58,10.0,169.0,5.45,4.0,20.7,20.0,87.47,81.0,4.12,5.0,49.43,28.0,38.91,56.0,6.47,95.0,26.0,3.0,2.69,2.89,1.0,2.0,6.0,2.0,45.0,2.0,1.0
8475097,20112012,Brad Thiessen,PIT,G,4on5,5,1067.0,1.84,3.0,30.0,1.51,0.0,3.22,7.0,17.07,19.0,0.09,0.0,11.24,11.0,5.68,2.0,1.67,18.0,3.0,3.0,0.24,0.4,1.19,0.0,2.0,1.0,6.0,0.0,0.0
8475097,20112012,Brad Thiessen,PIT,G,5on4,5,1229.0,0.37,2.0,6.0,0.19,0.0,0.44,0.0,3.76,3.0,0.83,0.0,1.19,0.0,2.72,3.0,0.37,3.0,2.0,0.0,0.06,0.31,0.0,0.0,2.0,0.0,1.0,0.0,0.0
8470880,20112012,Brian Elliott,STL,G,other,38,4633.0,6.11,3.0,116.0,3.72,0.0,12.56,12.0,59.72,65.0,1.96,3.0,30.84,26.0,25.94,38.0,6.05,65.0,9.0,7.0,2.14,1.08,2.89,0.0,0.0,3.0,35.0,0.0,0.0
8470880,20112012,Brian Elliott,STL,G,all,38,132875.0,76.69,58.0,1889.0,64.54,63.0,227.46,230.0,981.44,972.0,38.18,43.0,541.61,416.0,420.81,565.0,74.44,1078.0,220.0,65.0,29.15,26.45,21.1,19.0,22.0,17.0,526.0,0.0,0.0
8470880,20112012,Brian Elliott,STL,G,5on5,38,105096.0,55.14,44.0,1446.0,47.47,44.0,180.63,188.0,753.9,753.0,29.73,34.0,414.91,319.0,322.31,428.0,53.88,827.0,178.0,40.0,23.03,21.13,10.98,18.0,18.0,8.0,401.0,0.0,0.0
8470880,20112012,Brian Elliott,STL,G,4on5,38,12064.0,14.44,10.0,289.0,12.61,19.0,31.74,29.0,147.38,136.0,0.66,1.0,90.1,65.0,53.15,77.0,13.51,159.0,30.0,18.0,3.32,3.89,7.23,1.0,3.0,6.0,82.0,0.0,0.0
8470880,20112012,Brian Elliott,STL,G,5on4,38,11082.0,1.0,1.0,38.0,0.74,0.0,2.52,1.0,20.43,18.0,5.83,5.0,5.76,6.0,19.41,22.0,1.0,27.0,3.0,0.0,0.65,0.35,0.0,0.0,1.0,0.0,8.0,0.0,0.0
8470074,20112012,Jeff Deslauriers,ANA,G,other,4,351.0,1.08,1.0,10.0,0.51,0.0,0.95,1.0,5.71,5.0,0.04,0.0,3.64,3.0,2.57,4.0,0.97,4.0,4.0,1.0,0.09,0.56,0.43,0.0,1.0,0.0,1.0,0.0,0.0
8470074,20112012,Jeff Deslauriers,ANA,G,all,4,14472.0,11.28,11.0,225.0,8.6,5.0,27.45,34.0,123.64,113.0,4.0,4.0,67.66,54.0,51.02,65.0,10.64,119.0,40.0,11.0,2.98,4.98,3.32,2.0,8.0,1.0,55.0,0.0,0.0
8470074,20112012,Jeff Deslauriers,ANA,G,5on5,4,11993.0,8.17,7.0,187.0,6.32,5.0,22.83,28.0,99.24,94.0,3.18,4.0,52.62,42.0,41.92,52.0,7.68,98.0,30.0,7.0,2.49,3.6,2.08,2.0,5.0,0.0,52.0,0.0,0.0
8470074,20112012,Jeff Deslauriers,ANA,G,4on5,4,954.0,1.98,3.0,25.0,1.71,0.0,3.38,5.0,17.29,13.0,0.02,0.0,10.79,9.0,5.58,7.0,1.95,15.0,6.0,3.0,0.36,0.81,0.81,0.0,2.0,1.0,1.0,0.0,0.0
8470074,20112012,Jeff Deslauriers,ANA,G,5on4,4,1174.0,0.02,0.0,2.0,0.03,0.0,0.1,0.0,0.65,0.0,0.74,0.0,0.27,0.0,0.55,1.0,0.02,1.0,0.0,0.0,0.02,0.0,0.0,0.0,0.0,0.0,1.0,0.0,0.0
8473461,20112012,Steve Mason,CBJ,G,other,46,4830.0,8.02,7.0,135.0,4.63,3.0,13.34,9.0,68.11,71.0,1.33,3.0,38.5,41.0,26.32,28.0,7.06,61.0,24.0,8.0,2.17,2.88,2.96,4.0,2.0,1.0,42.0,2.0,1.0
8473461,20112012,Steve Mason,CBJ,G,all,46,152021.0,102.11,143.0,2284.0,84.34,76.0,282.19,219.0,1258.14,1355.0,39.2,48.0,709.21,656.0,526.04,593.0,98.74,1389.0,256.0,99.0,38.79,30.68,32.65,52.0,51.0,40.0,540.0,2.0,1.0
8473461,20112012,Steve Mason,CBJ,G,5on5,46,121155.0,70.64,95.0,1828.0,63.75,63.0,235.11,188.0,1000.09,1080.0,29.34,37.0,562.36,524.0,426.94,476.0,68.8,1145.0,186.0,60.0,32.64,21.68,16.31,44.0,32.0,19.0,437.0,0.0,0.0
8473461,20112012,Steve Mason,CBJ,G,4on5,46,11725.0,20.7,37.0,277.0,14.72,9.0,29.67,19.0,160.84,171.0,0.79,1.0,99.52,84.0,51.49,65.0,20.15,153.0,41.0,27.0,3.15,5.4,12.15,3.0,15.0,19.0,56.0,0.0,0.0
8473461,20112012,Steve Mason,CBJ,G,5on4,46,14311.0,2.75,4.0,44.0,1.24,1.0,4.08,3.0,29.11,33.0,7.75,7.0,8.83,7.0,21.29,24.0,2.73,30.0,5.0,4.0,0.82,0.72,1.22,1.0,2.0,1.0,5.0,0.0,0.0
8474771,20112012,Peter Mannino,WPG,G,other,1,0.0,0.0,0.0,0.0,0.0,0.0,0.0,0.0,0.0,0.0,0.0,0.0,0.0,0.0,0.0,0.0,0.0,0.0,0.0,0.0,0.0,0.0,0.0,0.0,0.0,0.0,0.0,0.0,0.0
8474771,20112012,Peter Mannino,WPG,G,all,1,1191.0,0.28,0.0,8.0,0.28,0.0,0.95,2.0,4.2,4.0,0.5,0.0,2.51,2.0,1.85,2.0,0.28,4.0,2.0,0.0,0.08,0.2,0.0,0.0,0.0,0.0,2.0,0.0,0.0
8474771,20112012,Peter Mannino,WPG,G,5on5,1,903.0,0.28,0.0,8.0,0.28,0.0,0.95,2.0,4.2,4.0,0.29,0.0,2.51,2.0,1.85,2.0,0.28,4.0,2.0,0.0,0.08,0.2,0.0,0.0,0.0,0.0,2.0,0.0,0.0
8474771,20112012,Peter Mannino,WPG,G,4on5,1,126.0,0.0,0.0,0.0,0.0,0.0,0.0,0.0,0.0,0.0,0.05,0.0,0.0,0.0,0.0,0.0,0.0,0.0,0.0,0.0,0.0,0.0,0.0,0.0,0.0,0.0,0.0,0.0,0.0
8474771,20112012,Peter Mannino,WPG,G,5on4,1,162.0,0.0,0.0,0.0,0.0,0.0,0.0,0.0,0.0,0.0,0.16,0.0,0.0,0.0,0.0,0.0,0.0,0.0,0.0,0.0,0.0,0.0,0.0,0.0,0.0,0.0,0.0,0.0,0.0
8467950,20112012,Craig Anderson,OTT,G,other,63,4846.0,12.7,10.0,185.0,7.37,12.0,21.64,24.0,102.74,112.0,2.4,4.0,55.45,49.0,41.28,40.0,11.93,84.0,43.0,15.0,2.65,5.29,4.77,2.0,3.0,5.0,43.0,0.0,0.0
8467950,20112012,Craig Anderson,OTT,G,all,63,209538.0,173.06,165.0,3347.0,129.3,121.0,416.85,435.0,1864.56,1917.0,57.14,52.0,1036.97,814.0,774.9,996.0,166.95,1894.0,539.0,158.0,54.96,65.51,52.6,49.0,57.0,59.0,756.0,4.0,2.0
8467950,20112012,Craig Anderson,OTT,G,5on5,63,167124.0,116.08,112.0,2542.0,93.51,78.0,324.22,330.0,1407.04,1428.0,45.2,39.0,781.47,620.0,594.29,768.0,112.9,1463.0,399.0,92.0,43.19,47.88,25.01,42.0,40.0,30.0,588.0,2.0,1.0
8467950,20112012,Craig Anderson,OTT,G,4on5,63,20946.0,37.83,37.0,528.0,25.59,28.0,63.08,73.0,297.23,313.0,1.51,2.0,182.07,131.0,96.16,139.0,35.83,294.0,79.0,42.0,7.66,9.94,20.23,3.0,12.0,22.0,113.0,0.0,0.0
8467950,20112012,Craig Anderson,OTT,G,5on4,63,16622.0,5.32,4.0,79.0,2.32,0.0,6.13,8.0,49.24,56.0,7.97,7.0,14.38,12.0,39.44,45.0,5.31,46.0,16.0,7.0,1.21,2.13,1.98,1.0,2.0,1.0,10.0,2.0,1.0
8471227,20112012,Devan Dubnyk,EDM,G,other,47,4131.0,10.27,4.0,136.0,6.04,9.0,14.41,21.0,74.22,75.0,1.14,1.0,41.54,45.0,28.33,24.0,9.58,60.0,33.0,10.0,1.96,3.98,4.33,1.0,0.0,3.0,33.0,0.0,0.0
8471227,20112012,Devan Dubnyk,EDM,G,all,47,159207.0,126.53,118.0,2557.0,93.8,114.0,311.45,327.0,1358.52,1380.0,38.64,31.0,749.4,601.0,564.68,683.0,122.14,1386.0,384.0,120.0,41.77,46.38,38.38,41.0,36.0,41.0,667.0,0.0,0.0
8471227,20112012,Devan Dubnyk,EDM,G,5on5,47,128857.0,91.3,81.0,2027.0,69.81,85.0,253.72,268.0,1070.17,1087.0,31.07,26.0,587.6,471.0,452.0,544.0,88.57,1124.0,281.0,84.0,34.58,33.61,23.11,34.0,26.0,21.0,538.0,0.0,0.0
8471227,20112012,Devan Dubnyk,EDM,G,4on5,47,14093.0,19.44,28.0,324.0,15.52,17.0,36.17,30.0,170.26,176.0,0.62,0.0,106.13,73.0,57.94,87.0,18.7,169.0,53.0,19.0,4.2,6.49,8.76,5.0,8.0,15.0,83.0,0.0,0.0
8471227,20112012,Devan Dubnyk,EDM,G,5on4,47,12126.0,3.7,4.0,48.0,1.52,3.0,4.0,4.0,29.45,29.0,5.6,3.0,8.36,4.0,20.56,24.0,3.59,23.0,11.0,5.0,0.71,1.45,1.55,1.0,1.0,2.0,9.0,0.0,0.0
8475681,20112012,Ben Scrivens,TOR,G,other,12,840.0,2.22,4.0,33.0,1.21,0.0,3.49,1.0,17.05,18.0,0.21,0.0,10.04,13.0,6.47,6.0,2.19,15.0,7.0,2.0,0.41,0.86,0.96,0.0,2.0,2.0,9.0,2.0,1.0
8475681,20112012,Ben Scrivens,TOR,G,all,12,40297.0,34.25,35.0,676.0,26.04,33.0,84.56,73.0,368.26,359.0,9.89,9.0,204.24,174.0,147.85,185.0,33.0,368.0,112.0,29.0,11.48,13.58,9.19,12.0,13.0,10.0,167.0,4.0,2.0
8475681,20112012,Ben Scrivens,TOR,G,5on5,12,33595.0,26.14,26.0,537.0,19.99,29.0,69.85,64.0,295.3,284.0,8.19,8.0,160.84,128.0,120.59,153.0,25.23,300.0,84.0,23.0,9.19,10.21,6.74,10.0,9.0,7.0,130.0,2.0,1.0
8475681,20112012,Ben Scrivens,TOR,G,4on5,12,3345.0,4.25,5.0,89.0,4.24,3.0,9.48,7.0,45.83,47.0,0.23,0.0,29.38,28.0,15.1,19.0,4.08,46.0,16.0,2.0,1.61,1.89,0.75,2.0,2.0,1.0,25.0,0.0,0.0
8475681,20112012,Ben Scrivens,TOR,G,5on4,12,2517.0,0.54,0.0,6.0,0.22,0.0,0.44,0.0,3.83,5.0,0.99,1.0,1.14,1.0,2.55,4.0,0.54,2.0,3.0,0.0,0.11,0.43,0.0,0.0,0.0,0.0,1.0,0.0,0.0
8469569,20112012,Drew MacIntyre,BUF,G,other,2,0.0,0.0,0.0,0.0,0.0,0.0,0.0,0.0,0.0,0.0,0.0,0.0,0.0,0.0,0.0,0.0,0.0,0.0,0.0,0.0,0.0,0.0,0.0,0.0,0.0,0.0,0.0,0.0,0.0
8469569,20112012,Drew MacIntyre,BUF,G,all,2,2609.0,0.98,1.0,25.0,0.96,1.0,2.72,0.0,13.46,18.0,0.79,0.0,7.42,7.0,5.51,9.0,0.97,14.0,4.0,0.0,0.47,0.51,0.0,1.0,0.0,0.0,7.0,0.0,0.0
8469569,20112012,Drew MacIntyre,BUF,G,5on5,2,2009.0,0.42,1.0,16.0,0.49,0.0,1.76,0.0,8.21,11.0,0.6,0.0,4.4,4.0,3.67,6.0,0.42,10.0,1.0,0.0,0.32,0.1,0.0,1.0,0.0,0.0,5.0,0.0,0.0
8469569,20112012,Drew MacIntyre,BUF,G,4on5,2,360.0,0.46,0.0,8.0,0.4,1.0,0.89,0.0,4.42,6.0,0.0,0.0,2.78,3.0,1.34,2.0,0.45,4.0,2.0,0.0,0.15,0.31,0.0,0.0,0.0,0.0,2.0,0.0,0.0
8469569,20112012,Drew MacIntyre,BUF,G,5on4,2,240.0,0.1,0.0,1.0,0.07,0.0,0.07,0.0,0.82,1.0,0.19,0.0,0.23,0.0,0.5,1.0,0.1,0.0,1.0,0.0,0.0,0.1,0.0,0.0,0.0,0.0,0.0,0.0,0.0
8467391,20112012,Jason LaBarbera,ARI,G,other,19,1645.0,2.31,3.0,40.0,1.55,1.0,4.78,9.0,23.23,23.0,0.67,0.0,13.54,11.0,9.04,7.0,2.24,23.0,7.0,2.0,0.8,0.76,0.75,1.0,1.0,1.0,8.0,0.0,0.0
8467391,20112012,Jason LaBarbera,ARI,G,all,19,59678.0,41.82,43.0,897.0,35.06,38.0,112.74,93.0,497.0,486.0,14.79,15.0,278.51,256.0,209.39,246.0,40.07,516.0,149.0,29.0,14.68,17.83,9.31,18.0,15.0,10.0,203.0,2.0,1.0
8467391,20112012,Jason LaBarbera,ARI,G,5on5,19,48382.0,29.16,35.0,704.0,25.7,29.0,91.12,67.0,386.63,373.0,12.45,12.0,216.13,193.0,166.08,201.0,28.53,414.0,110.0,17.0,11.42,13.06,4.69,16.0,12.0,7.0,163.0,2.0,1.0
8467391,20112012,Jason LaBarbera,ARI,G,4on5,19,4553.0,8.83,2.0,129.0,7.03,8.0,14.25,16.0,70.43,73.0,0.3,0.0,43.31,45.0,22.19,26.0,7.82,62.0,27.0,9.0,1.89,3.39,3.55,0.0,0.0,2.0,31.0,0.0,0.0
8467391,20112012,Jason LaBarbera,ARI,G,5on4,19,5098.0,1.33,2.0,22.0,0.71,0.0,2.31,0.0,15.36,15.0,1.37,3.0,4.88,7.0,11.32,12.0,1.31,16.0,4.0,1.0,0.54,0.47,0.32,1.0,1.0,0.0,1.0,0.0,0.0
8460612,20112012,Marty Turco,BOS,G,other,5,227.0,1.04,2.0,8.0,0.29,1.0,0.79,0.0,4.56,6.0,0.04,0.0,2.41,3.0,1.32,0.0,1.0,3.0,1.0,2.0,0.05,0.1,0.9,0.0,0.0,2.0,2.0,0.0,0.0
8460612,20112012,Marty Turco,BOS,G,all,5,15637.0,11.49,16.0,216.0,8.13,6.0,26.86,32.0,118.88,110.0,4.43,7.0,67.86,43.0,46.75,65.0,11.21,122.0,33.0,10.0,3.68,4.16,3.65,4.0,7.0,5.0,51.0,2.0,1.0
8460612,20112012,Marty Turco,BOS,G,5on5,5,13328.0,8.16,11.0,174.0,6.25,5.0,22.18,27.0,95.95,88.0,4.06,7.0,53.03,27.0,39.32,60.0,8.0,100.0,26.0,6.0,2.89,3.26,2.01,4.0,5.0,2.0,42.0,2.0,1.0
8460612,20112012,Marty Turco,BOS,G,4on5,5,1122.0,2.28,3.0,34.0,1.58,0.0,3.88,5.0,18.37,16.0,0.04,0.0,12.42,13.0,6.11,5.0,2.2,19.0,6.0,2.0,0.74,0.8,0.74,0.0,2.0,1.0,7.0,0.0,0.0
8460612,20112012,Marty Turco,BOS,G,5on4,5,960.0,0.0,0.0,0.0,0.0,0.0,0.0,0.0,0.0,0.0,0.29,0.0,0.0,0.0,0.0,0.0,0.0,0.0,0.0,0.0,0.0,0.0,0.0,0.0,0.0,0.0,0.0,0.0,0.0
8471251,20112012,Justin Peters,CAR,G,other,7,505.0,1.7,0.0,15.0,0.53,0.0,1.81,2.0,8.44,7.0,0.07,0.0,3.81,5.0,2.74,4.0,1.34,5.0,3.0,3.0,0.16,0.34,1.2,0.0,0.0,0.0,4.0,0.0,0.0
8471251,20112012,Justin Peters,CAR,G,all,7,23224.0,19.4,16.0,426.0,15.78,16.0,53.32,40.0,239.35,233.0,5.42,8.0,129.6,119.0,101.42,124.0,18.33,250.0,63.0,14.0,6.52,7.52,5.36,8.0,3.0,5.0,99.0,0.0,0.0
8471251,20112012,Justin Peters,CAR,G,5on5,7,19526.0,13.4,10.0,330.0,11.78,13.0,42.59,32.0,185.32,181.0,4.43,7.0,100.56,90.0,77.95,96.0,12.95,196.0,49.0,7.0,5.34,6.01,2.05,7.0,1.0,2.0,78.0,0.0,0.0
8471251,20112012,Justin Peters,CAR,G,4on5,7,1921.0,3.65,6.0,62.0,2.95,2.0,6.78,4.0,33.85,32.0,0.31,0.0,21.1,19.0,11.49,15.0,3.43,34.0,10.0,3.0,0.73,1.05,1.86,1.0,2.0,3.0,15.0,0.0,0.0
8471251,20112012,Justin Peters,CAR,G,5on4,7,1272.0,0.45,0.0,13.0,0.31,1.0,1.05,0.0,7.47,8.0,0.51,1.0,2.06,2.0,6.93,8.0,0.42,9.0,1.0,1.0,0.09,0.11,0.25,0.0,0.0,0.0,2.0,0.0,0.0
8473575,20112012,Semyon Varlamov,COL,G,other,53,5289.0,7.62,11.0,133.0,5.12,3.0,14.2,13.0,68.24,77.0,1.74,2.0,38.75,36.0,26.83,30.0,7.03,70.0,17.0,8.0,2.28,2.26,3.08,3.0,4.0,4.0,38.0,0.0,0.0
8473575,20112012,Semyon Varlamov,COL,G,all,53,189081.0,134.73,136.0,2874.0,109.68,127.0,360.27,315.0,1561.03,1564.0,50.52,44.0,870.68,717.0,655.59,834.0,129.45,1681.0,376.0,126.0,49.01,46.34,39.39,40.0,49.0,47.0,691.0,2.0,1.0
8473575,20112012,Semyon Varlamov,COL,G,5on5,53,152907.0,99.44,95.0,2264.0,83.82,105.0,296.89,262.0,1248.7,1252.0,40.99,39.0,686.37,551.0,532.77,681.0,96.09,1354.0,302.0,85.0,39.11,36.72,23.62,31.0,37.0,27.0,523.0,2.0,1.0
8473575,20112012,Semyon Varlamov,COL,G,4on5,53,17531.0,24.57,28.0,424.0,19.41,18.0,45.3,34.0,216.32,205.0,1.21,0.0,137.25,125.0,73.42,97.0,23.27,227.0,52.0,28.0,6.86,6.7,11.01,5.0,8.0,15.0,117.0,0.0,0.0
8473575,20112012,Semyon Varlamov,COL,G,5on4,53,13354.0,2.01,2.0,39.0,0.99,0.0,2.62,4.0,21.54,25.0,6.26,3.0,5.9,3.0,19.84,23.0,2.0,25.0,4.0,3.0,0.59,0.57,0.84,1.0,0.0,1.0,7.0,0.0,0.0
8475195,20112012,Anders Nilsson,NYI,G,other,4,394.0,0.2,0.0,6.0,0.18,0.0,0.59,1.0,2.85,3.0,0.16,0.0,1.77,1.0,1.17,2.0,0.2,3.0,1.0,0.0,0.11,0.09,0.0,0.0,0.0,0.0,2.0,0.0,0.0
8475195,20112012,Anders Nilsson,NYI,G,all,4,13068.0,10.07,10.0,220.0,8.07,10.0,23.37,22.0,106.98,112.0,2.78,8.0,56.11,44.0,45.85,54.0,9.79,108.0,29.0,10.0,3.21,3.93,2.93,4.0,3.0,3.0,73.0,0.0,0.0
8475195,20112012,Anders Nilsson,NYI,G,5on5,4,10114.0,7.04,8.0,173.0,5.82,7.0,18.41,19.0,83.15,90.0,1.95,7.0,44.64,34.0,36.36,41.0,6.88,88.0,21.0,6.0,2.77,2.8,1.47,4.0,3.0,1.0,58.0,0.0,0.0
8475195,20112012,Anders Nilsson,NYI,G,4on5,4,1199.0,1.91,2.0,33.0,1.73,2.0,3.68,1.0,15.85,14.0,0.14,0.0,8.54,8.0,5.55,8.0,1.84,15.0,4.0,3.0,0.23,0.49,1.19,0.0,0.0,2.0,11.0,0.0,0.0
8475195,20112012,Anders Nilsson,NYI,G,5on4,4,1361.0,0.91,0.0,8.0,0.34,1.0,0.69,1.0,5.13,5.0,0.53,1.0,1.16,1.0,2.77,3.0,0.86,2.0,3.0,1.0,0.1,0.54,0.27,0.0,0.0,0.0,2.0,0.0,0.0
8474651,20112012,Braden Holtby,WSH,G,other,7,357.0,1.02,0.0,14.0,0.68,0.0,1.47,2.0,8.35,9.0,0.02,0.0,5.6,5.0,2.98,5.0,0.94,8.0,3.0,1.0,0.3,0.44,0.28,0.0,0.0,0.0,2.0,0.0,0.0
8474651,20112012,Braden Holtby,WSH,G,all,7,21634.0,17.09,15.0,351.0,12.59,14.0,42.48,37.0,188.1,192.0,4.88,8.0,104.62,86.0,78.43,106.0,16.54,203.0,39.0,19.0,5.21,5.02,6.86,5.0,5.0,5.0,90.0,0.0,0.0
8474651,20112012,Braden Holtby,WSH,G,5on5,7,17900.0,11.52,11.0,274.0,9.57,10.0,34.54,30.0,146.59,151.0,3.79,7.0,80.08,66.0,61.82,84.0,11.18,159.0,30.0,13.0,4.17,3.94,3.41,4.0,5.0,2.0,72.0,0.0,0.0
8474651,20112012,Braden Holtby,WSH,G,4on5,7,1500.0,3.57,4.0,45.0,1.76,3.0,4.79,4.0,23.26,25.0,0.12,0.0,15.25,13.0,7.86,8.0,3.47,28.0,2.0,4.0,0.47,0.18,2.93,1.0,0.0,3.0,11.0,0.0,0.0
8474651,20112012,Braden Holtby,WSH,G,5on4,7,1877.0,0.74,0.0,9.0,0.37,1.0,0.8,0.0,5.98,5.0,0.95,1.0,1.92,2.0,3.96,5.0,0.71,4.0,3.0,1.0,0.18,0.32,0.24,0.0,0.0,0.0,1.0,0.0,0.0
8471469,20112012,Pekka Rinne,NSH,G,other,73,6868.0,11.7,6.0,188.0,7.66,4.0,19.98,17.0,102.57,96.0,1.6,3.0,61.38,68.0,36.98,43.0,10.76,99.0,28.0,14.0,3.52,3.48,4.71,3.0,3.0,0.0,47.0,0.0,0.0
8471469,20112012,Pekka Rinne,NSH,G,all,73,250132.0,165.86,166.0,4022.0,142.65,102.0,484.64,575.0,2127.71,2153.0,55.41,66.0,1202.79,1020.0,893.16,1033.0,159.41,2383.0,432.0,141.0,66.47,52.85,46.55,58.0,63.0,45.0,1066.0,0.0,0.0
8471469,20112012,Pekka Rinne,NSH,G,5on5,73,206195.0,116.71,127.0,3225.0,107.65,74.0,403.67,509.0,1714.01,1747.0,45.89,55.0,959.38,788.0,739.82,838.0,114.32,1970.0,332.0,79.0,54.88,40.27,21.56,49.0,51.0,27.0,844.0,0.0,0.0
8471469,20112012,Pekka Rinne,NSH,G,4on5,73,18361.0,32.96,30.0,548.0,25.47,19.0,55.61,43.0,273.75,267.0,0.82,1.0,170.6,158.0,89.57,122.0,30.08,279.0,64.0,40.0,7.23,7.99,17.73,6.0,7.0,17.0,165.0,0.0,0.0
8471469,20112012,Pekka Rinne,NSH,G,5on4,73,18708.0,3.86,3.0,47.0,1.59,5.0,4.24,4.0,32.18,37.0,6.84,7.0,9.03,6.0,24.37,25.0,3.62,31.0,6.0,7.0,0.73,0.83,2.29,0.0,2.0,1.0,3.0,0.0,0.0
8462052,20112012,Brian Boucher,CAR,G,other,10,2218.0,2.57,3.0,22.0,0.97,4.0,2.67,2.0,13.03,13.0,0.46,0.0,6.29,1.0,4.07,7.0,2.14,9.0,4.0,4.0,0.4,0.53,1.64,1.0,0.0,2.0,5.0,0.0,0.0
8462052,20112012,Brian Boucher,CAR,G,all,10,32781.0,25.21,31.0,489.0,18.12,17.0,60.56,71.0,264.95,260.0,9.14,4.0,140.52,126.0,108.28,110.0,24.21,264.0,73.0,24.0,8.26,9.3,7.65,10.0,11.0,10.0,128.0,0.0,0.0
8462052,20112012,Brian Boucher,CAR,G,5on5,10,25134.0,17.14,20.0,390.0,13.42,7.0,49.16,58.0,205.52,200.0,6.95,3.0,109.89,111.0,83.9,79.0,16.75,210.0,57.0,13.0,6.55,7.36,3.22,9.0,7.0,4.0,110.0,0.0,0.0
8462052,20112012,Brian Boucher,CAR,G,4on5,10,2743.0,4.2,6.0,61.0,3.23,5.0,7.06,9.0,34.47,34.0,0.14,0.0,20.84,12.0,11.6,15.0,4.05,34.0,9.0,5.0,0.92,1.09,2.19,0.0,3.0,3.0,13.0,0.0,0.0
8462052,20112012,Brian Boucher,CAR,G,5on4,10,2686.0,1.29,2.0,16.0,0.5,1.0,1.67,2.0,11.93,13.0,1.6,1.0,3.5,2.0,8.71,9.0,1.27,11.0,3.0,2.0,0.39,0.31,0.6,0.0,1.0,1.0,0.0,0.0,0.0
8467913,20112012,Alex Auld,OTT,G,other,14,1450.0,3.37,5.0,39.0,1.64,1.0,3.73,4.0,21.67,21.0,0.5,0.0,11.81,12.0,8.74,7.0,3.23,17.0,10.0,3.0,0.79,1.11,1.47,1.0,2.0,2.0,9.0,0.0,0.0
8467913,20112012,Alex Auld,OTT,G,all,14,38702.0,31.49,36.0,586.0,21.66,26.0,67.09,48.0,309.96,310.0,10.05,14.0,173.05,125.0,129.88,182.0,30.79,315.0,86.0,32.0,9.75,9.51,12.23,11.0,11.0,14.0,153.0,0.0,0.0
8467913,20112012,Alex Auld,OTT,G,5on5,14,29351.0,19.18,20.0,412.0,15.1,21.0,52.05,35.0,225.88,216.0,7.81,13.0,125.85,87.0,95.61,140.0,18.74,236.0,61.0,18.0,7.09,6.74,5.35,8.0,7.0,5.0,97.0,0.0,0.0
8467913,20112012,Alex Auld,OTT,G,4on5,14,3773.0,7.77,9.0,116.0,4.38,4.0,10.09,9.0,51.3,58.0,0.26,0.0,32.21,23.0,16.91,25.0,7.64,53.0,10.0,10.0,1.59,1.02,5.16,1.0,1.0,7.0,43.0,0.0,0.0
8467913,20112012,Alex Auld,OTT,G,5on4,14,4128.0,1.17,2.0,19.0,0.54,0.0,1.23,0.0,11.12,15.0,1.48,1.0,3.18,3.0,8.61,10.0,1.17,9.0,5.0,1.0,0.27,0.64,0.26,1.0,1.0,0.0,4.0,0.0,0.0
8466339,20112012,Scott Clemmensen,FLA,G,other,30,1567.0,5.1,5.0,67.0,2.47,1.0,7.95,8.0,40.87,40.0,0.62,1.0,22.4,24.0,15.79,17.0,4.94,40.0,8.0,7.0,1.38,0.96,2.75,1.0,1.0,3.0,12.0,0.0,0.0
8466339,20112012,Scott Clemmensen,FLA,G,all,30,93952.0,60.8,67.0,1373.0,50.2,51.0,172.05,184.0,748.96,773.0,23.51,15.0,420.57,347.0,319.14,379.0,58.86,822.0,173.0,52.0,23.88,20.85,16.07,27.0,24.0,16.0,326.0,0.0,0.0
8466339,20112012,Scott Clemmensen,FLA,G,5on5,30,77795.0,44.7,47.0,1108.0,38.2,43.0,141.01,152.0,591.98,622.0,18.23,11.0,330.97,263.0,254.65,308.0,43.36,662.0,136.0,31.0,19.47,16.61,8.61,22.0,19.0,6.0,279.0,0.0,0.0
8466339,20112012,Scott Clemmensen,FLA,G,4on5,30,5751.0,9.41,11.0,163.0,8.5,6.0,19.49,20.0,94.16,86.0,0.4,0.0,59.59,56.0,32.15,36.0,8.98,94.0,26.0,12.0,2.44,2.95,4.03,1.0,4.0,6.0,31.0,0.0,0.0
8466339,20112012,Scott Clemmensen,FLA,G,5on4,30,8839.0,1.36,2.0,25.0,0.71,1.0,1.81,2.0,14.85,16.0,4.14,3.0,4.17,3.0,12.56,13.0,1.34,16.0,3.0,2.0,0.35,0.32,0.69,1.0,0.0,1.0,4.0,0.0,0.0
8462147,20112012,Miikka Kiprusoff,CGY,G,other,70,6729.0,13.95,12.0,234.0,8.44,1.0,23.82,22.0,117.21,116.0,1.87,3.0,69.91,73.0,43.98,52.0,13.3,105.0,45.0,14.0,3.38,5.69,4.88,3.0,6.0,3.0,70.0,0.0,0.0
8462147,20112012,Miikka Kiprusoff,CGY,G,all,70,247680.0,168.4,162.0,3865.0,139.81,141.0,476.86,509.0,2059.91,2041.0,58.68,52.0,1172.87,945.0,872.77,1093.0,162.85,2287.0,458.0,154.0,62.13,54.89,51.39,58.0,59.0,45.0,966.0,0.0,0.0
8462147,20112012,Miikka Kiprusoff,CGY,G,5on5,70,199835.0,120.75,115.0,3026.0,103.5,109.0,387.86,427.0,1621.18,1616.0,46.73,43.0,912.66,706.0,700.97,884.0,117.26,1833.0,346.0,100.0,51.5,41.46,27.79,52.0,42.0,21.0,747.0,0.0,0.0
8462147,20112012,Miikka Kiprusoff,CGY,G,4on5,70,19925.0,29.76,29.0,510.0,25.3,30.0,56.75,54.0,268.46,257.0,1.01,0.0,171.64,149.0,87.03,112.0,28.39,291.0,53.0,36.0,5.99,6.09,17.69,3.0,6.0,20.0,130.0,0.0,0.0
8462147,20112012,Miikka Kiprusoff,CGY,G,5on4,70,21191.0,2.81,5.0,78.0,1.79,0.0,6.19,3.0,42.56,41.0,8.91,6.0,13.33,13.0,36.57,40.0,2.81,50.0,10.0,2.0,1.11,1.16,0.55,0.0,5.0,0.0,16.0,0.0,0.0
8475361,20112012,Jonas Gustavsson,TOR,G,other,42,2720.0,8.14,8.0,95.0,4.37,6.0,11.08,9.0,56.09,63.0,1.17,1.0,30.67,30.0,20.77,23.0,7.51,42.0,26.0,9.0,1.27,3.65,3.22,3.0,3.0,2.0,18.0,0.0,0.0
8475361,20112012,Jonas Gustavsson,TOR,G,all,42,138042.0,106.31,112.0,2176.0,80.27,69.0,260.42,228.0,1176.98,1147.0,35.96,34.0,646.74,574.0,505.86,614.0,102.49,1196.0,353.0,88.0,35.88,43.15,27.28,45.0,50.0,17.0,539.0,4.0,2.0
8475361,20112012,Jonas Gustavsson,TOR,G,5on5,42,114404.0,80.86,88.0,1768.0,63.47,57.0,217.23,193.0,951.27,916.0,28.68,29.0,521.67,465.0,403.57,484.0,78.4,978.0,277.0,62.0,29.83,33.63,17.39,38.0,39.0,11.0,451.0,4.0,2.0
8475361,20112012,Jonas Gustavsson,TOR,G,4on5,42,9439.0,12.86,14.0,240.0,10.18,5.0,25.12,22.0,122.82,121.0,0.5,0.0,79.91,64.0,44.04,64.0,12.36,129.0,34.0,13.0,3.55,4.04,5.27,3.0,7.0,4.0,64.0,0.0,0.0
8475361,20112012,Jonas Gustavsson,TOR,G,5on4,42,11479.0,3.11,2.0,59.0,1.68,0.0,4.86,3.0,36.72,38.0,5.37,4.0,10.49,10.0,32.8,38.0,3.08,41.0,10.0,3.0,1.07,1.1,0.94,1.0,1.0,0.0,5.0,0.0,0.0
8468481,20112012,Rick DiPietro,NYI,G,other,7,513.0,1.35,3.0,15.0,0.66,0.0,1.54,1.0,8.99,9.0,0.19,0.0,4.81,5.0,3.17,3.0,1.3,5.0,6.0,1.0,0.23,0.88,0.25,2.0,1.0,0.0,3.0,0.0,0.0
8468481,20112012,Rick DiPietro,NYI,G,all,7,21225.0,16.55,22.0,357.0,11.86,14.0,41.42,49.0,179.47,177.0,5.88,5.0,97.09,69.0,76.8,92.0,16.04,190.0,43.0,17.0,4.63,5.29,6.64,6.0,7.0,9.0,107.0,0.0,0.0
8468481,20112012,Rick DiPietro,NYI,G,5on5,7,17395.0,10.97,13.0,295.0,9.29,13.0,34.79,42.0,143.18,140.0,4.64,2.0,77.22,51.0,61.85,76.0,10.54,152.0,37.0,10.0,3.79,4.41,2.77,4.0,6.0,3.0,96.0,0.0,0.0
8468481,20112012,Rick DiPietro,NYI,G,4on5,7,1454.0,3.62,5.0,36.0,1.62,1.0,4.07,5.0,21.19,21.0,0.15,0.0,12.7,11.0,6.29,7.0,3.59,24.0,0.0,5.0,0.4,0.0,3.22,0.0,0.0,5.0,7.0,0.0,0.0
8468481,20112012,Rick DiPietro,NYI,G,5on4,7,1863.0,0.19,0.0,9.0,0.22,0.0,0.74,1.0,4.54,6.0,0.9,3.0,1.55,1.0,5.1,6.0,0.19,8.0,0.0,0.0,0.19,0.0,0.0,0.0,0.0,0.0,1.0,0.0,0.0
8462044,20112012,Jean-Sebastien Giguere,COL,G,other,32,3143.0,4.28,3.0,57.0,2.28,3.0,6.8,10.0,32.66,32.0,0.99,1.0,16.11,15.0,13.56,12.0,4.17,26.0,13.0,5.0,1.04,1.58,1.66,0.0,1.0,2.0,13.0,0.0,0.0
8462044,20112012,Jean-Sebastien Giguere,COL,G,all,32,109174.0,70.21,69.0,1622.0,58.3,60.0,200.14,204.0,858.64,850.0,29.51,21.0,486.14,359.0,363.82,498.0,68.41,950.0,196.0,61.0,27.43,23.34,19.45,23.0,22.0,24.0,415.0,2.0,1.0
8462044,20112012,Jean-Sebastien Giguere,COL,G,5on5,32,88919.0,51.62,52.0,1300.0,44.44,40.0,164.77,170.0,690.35,690.0,23.77,16.0,390.93,286.0,296.35,409.0,50.52,776.0,158.0,37.0,22.39,18.59,10.64,22.0,17.0,13.0,329.0,2.0,1.0
8462044,20112012,Jean-Sebastien Giguere,COL,G,4on5,32,9784.0,12.37,13.0,235.0,10.72,16.0,25.51,19.0,115.79,107.0,0.98,1.0,72.82,54.0,39.62,61.0,11.79,128.0,20.0,17.0,3.37,2.5,6.51,1.0,3.0,9.0,70.0,0.0,0.0
8462044,20112012,Jean-Sebastien Giguere,COL,G,5on4,32,7328.0,1.76,1.0,23.0,0.72,1.0,2.38,5.0,16.9,18.0,3.63,3.0,4.96,3.0,12.72,13.0,1.74,16.0,5.0,2.0,0.45,0.67,0.64,0.0,1.0,0.0,0.0,0.0,0.0
8462047,20112012,Martin Biron,NYR,G,other,21,2001.0,2.83,2.0,49.0,1.77,2.0,5.07,8.0,26.05,29.0,0.91,0.0,14.93,11.0,10.54,13.0,2.7,24.0,10.0,2.0,0.92,1.32,0.59,0.0,2.0,0.0,13.0,0.0,0.0
8462047,20112012,Martin Biron,NYR,G,all,21,73201.0,43.84,50.0,1038.0,34.47,46.0,119.71,138.0,511.69,519.0,18.74,19.0,284.74,212.0,214.73,250.0,41.63,551.0,127.0,37.0,15.35,15.96,12.53,20.0,15.0,15.0,323.0,0.0,0.0
8462047,20112012,Martin Biron,NYR,G,5on5,21,58282.0,29.71,37.0,796.0,24.95,37.0,96.42,107.0,391.01,399.0,13.81,15.0,216.35,157.0,162.11,191.0,28.77,431.0,90.0,22.0,12.06,11.21,6.44,16.0,11.0,10.0,253.0,0.0,0.0
8462047,20112012,Martin Biron,NYR,G,4on5,21,5130.0,9.99,10.0,160.0,7.05,7.0,15.79,20.0,76.72,71.0,0.33,0.0,48.5,43.0,26.01,26.0,8.86,75.0,22.0,13.0,1.79,2.7,5.5,3.0,2.0,5.0,50.0,0.0,0.0
8462047,20112012,Martin Biron,NYR,G,5on4,21,7788.0,1.31,1.0,32.0,0.7,0.0,2.42,3.0,17.92,20.0,3.62,4.0,4.96,1.0,16.07,20.0,1.31,21.0,5.0,0.0,0.57,0.73,0.0,1.0,0.0,0.0,6.0,0.0,0.0
8475683,20112012,Sergei Bobrovsky,PHI,G,other,29,4096.0,10.45,6.0,126.0,5.05,8.0,14.45,15.0,69.29,72.0,1.4,0.0,36.61,30.0,23.96,32.0,9.66,58.0,20.0,15.0,2.19,2.43,5.84,1.0,2.0,3.0,33.0,0.0,0.0
8475683,20112012,Sergei Bobrovsky,PHI,G,all,29,93005.0,78.92,78.0,1471.0,55.11,76.0,182.85,190.0,792.48,769.0,24.26,22.0,430.7,350.0,320.17,376.0,75.74,797.0,214.0,83.0,24.55,26.26,28.11,28.0,28.0,22.0,377.0,0.0,0.0
8475683,20112012,Sergei Bobrovsky,PHI,G,5on5,29,69485.0,49.05,50.0,1076.0,37.69,50.0,138.71,155.0,572.36,559.0,17.25,20.0,310.5,253.0,235.19,265.0,47.71,591.0,154.0,45.0,17.93,18.58,12.53,23.0,19.0,8.0,286.0,0.0,0.0
8475683,20112012,Sergei Bobrovsky,PHI,G,4on5,29,9216.0,17.69,18.0,229.0,11.43,17.0,26.73,17.0,128.94,116.0,0.75,0.0,77.47,63.0,41.36,59.0,16.64,123.0,35.0,21.0,3.92,4.53,9.24,3.0,5.0,10.0,50.0,0.0,0.0
8475683,20112012,Sergei Bobrovsky,PHI,G,5on4,29,10208.0,1.73,4.0,39.0,0.94,1.0,2.96,3.0,21.88,22.0,4.84,2.0,6.12,4.0,19.66,20.0,1.73,25.0,5.0,2.0,0.51,0.72,0.5,1.0,2.0,1.0,7.0,0.0,0.0
8473607,20112012,Michal Neuvirth,WSH,G,other,38,1956.0,5.02,3.0,73.0,2.78,6.0,8.38,9.0,40.46,35.0,0.8,1.0,22.74,13.0,15.69,22.0,4.82,34.0,18.0,4.0,1.11,2.31,1.6,0.0,2.0,1.0,17.0,0.0,0.0
8473607,20112012,Michal Neuvirth,WSH,G,all,38,120003.0,76.03,95.0,1834.0,64.92,42.0,220.89,249.0,973.15,976.0,31.15,39.0,548.42,404.0,419.17,542.0,74.3,1059.0,250.0,52.0,30.1,28.92,17.01,37.0,35.0,23.0,473.0,2.0,1.0
8473607,20112012,Michal Neuvirth,WSH,G,5on5,38,96852.0,52.03,64.0,1365.0,46.26,25.0,171.43,197.0,732.7,740.0,25.49,30.0,409.37,304.0,319.33,411.0,51.06,821.0,174.0,27.0,23.74,20.17,8.11,30.0,23.0,11.0,343.0,2.0,1.0
8473607,20112012,Michal Neuvirth,WSH,G,4on5,38,11088.0,14.25,20.0,317.0,13.55,9.0,33.6,36.0,154.47,154.0,0.49,1.0,100.44,73.0,54.94,80.0,13.72,165.0,43.0,14.0,4.02,4.81,5.41,6.0,5.0,9.0,95.0,0.0,0.0
8473607,20112012,Michal Neuvirth,WSH,G,5on4,38,10107.0,3.88,6.0,48.0,1.63,2.0,4.45,5.0,31.72,33.0,4.1,7.0,9.23,5.0,21.84,23.0,3.86,24.0,11.0,7.0,0.77,1.22,1.88,1.0,3.0,2.0,6.0,0.0,0.0
8460712,20112012,Tomas Vokoun,WSH,G,other,48,4765.0,10.4,9.0,129.0,5.66,7.0,12.55,12.0,68.03,69.0,1.8,1.0,39.11,33.0,22.89,29.0,9.87,54.0,26.0,13.0,1.65,3.53,5.22,0.0,3.0,6.0,36.0,0.0,0.0
8460712,20112012,Tomas Vokoun,WSH,G,all,48,154989.0,111.01,108.0,2541.0,88.39,92.0,297.02,300.0,1293.32,1299.0,37.09,43.0,724.01,632.0,542.0,638.0,106.96,1392.0,305.0,107.0,37.73,38.37,34.91,27.0,40.0,41.0,737.0,4.0,2.0
8460712,20112012,Tomas Vokoun,WSH,G,5on5,48,126598.0,76.31,74.0,2031.0,66.43,65.0,244.86,251.0,1028.87,1035.0,29.72,33.0,570.65,499.0,440.99,520.0,74.34,1141.0,229.0,62.0,31.49,28.44,16.39,24.0,29.0,21.0,599.0,4.0,2.0
8460712,20112012,Tomas Vokoun,WSH,G,4on5,48,12699.0,21.14,22.0,337.0,14.84,17.0,35.79,33.0,168.66,167.0,0.58,0.0,106.03,91.0,58.58,71.0,19.61,174.0,40.0,28.0,4.01,4.91,12.21,3.0,6.0,13.0,95.0,0.0,0.0
8460712,20112012,Tomas Vokoun,WSH,G,5on4,48,10927.0,3.16,3.0,41.0,1.46,3.0,3.81,4.0,27.75,28.0,4.87,9.0,8.23,9.0,19.53,18.0,3.15,23.0,10.0,4.0,0.58,1.49,1.09,0.0,2.0,1.0,4.0,0.0,0.0
8468540,20112012,Dan Ellis,ANA,G,other,10,729.0,1.42,2.0,22.0,0.96,2.0,2.37,4.0,10.88,11.0,0.33,0.0,7.15,4.0,2.72,2.0,1.3,10.0,3.0,2.0,0.46,0.34,0.61,1.0,1.0,0.0,7.0,0.0,0.0
8468540,20112012,Dan Ellis,ANA,G,all,10,25122.0,18.98,19.0,405.0,15.98,22.0,49.91,41.0,226.74,214.0,6.96,7.0,128.87,108.0,94.85,120.0,18.17,252.0,46.0,18.0,6.85,5.77,6.36,11.0,4.0,4.0,89.0,0.0,0.0
8468540,20112012,Dan Ellis,ANA,G,5on5,10,19557.0,10.43,12.0,278.0,10.03,12.0,36.13,31.0,157.07,150.0,5.17,6.0,89.06,70.0,69.3,91.0,10.2,184.0,29.0,7.0,4.93,3.62,1.88,9.0,1.0,2.0,58.0,0.0,0.0
8468540,20112012,Dan Ellis,ANA,G,4on5,10,2522.0,6.04,4.0,90.0,4.38,7.0,9.83,6.0,48.31,46.0,0.2,0.0,29.25,33.0,15.91,16.0,5.61,49.0,10.0,8.0,1.16,1.26,3.63,1.0,1.0,2.0,23.0,0.0,0.0
8468540,20112012,Dan Ellis,ANA,G,5on4,10,2314.0,1.09,1.0,15.0,0.6,1.0,1.59,0.0,10.48,7.0,1.26,1.0,3.42,1.0,6.93,11.0,1.07,9.0,4.0,1.0,0.3,0.55,0.24,0.0,1.0,0.0,1.0,0.0,0.0
8468011,20112012,Ryan Miller,BUF,G,other,61,5439.0,10.9,11.0,164.0,5.68,4.0,16.65,11.0,85.85,87.0,2.41,2.0,46.88,38.0,37.12,56.0,10.31,83.0,25.0,12.0,3.43,2.96,4.51,2.0,4.0,5.0,44.0,0.0,0.0
8468011,20112012,Ryan Miller,BUF,G,all,61,212185.0,154.55,150.0,3201.0,117.71,106.0,391.68,410.0,1741.32,1788.0,52.73,47.0,971.39,753.0,755.49,977.0,147.68,1860.0,440.0,147.0,54.2,52.93,47.41,45.0,55.0,50.0,754.0,0.0,0.0
8468011,20112012,Ryan Miller,BUF,G,5on5,61,173531.0,108.33,106.0,2513.0,88.25,78.0,318.55,344.0,1367.87,1396.0,41.45,33.0,763.76,589.0,601.87,770.0,105.49,1488.0,357.0,80.0,43.75,42.95,21.63,38.0,46.0,22.0,588.0,0.0,0.0
8468011,20112012,Ryan Miller,BUF,G,4on5,61,15703.0,28.9,28.0,435.0,20.6,20.0,47.82,44.0,232.26,251.0,0.81,3.0,143.49,116.0,77.63,106.0,25.62,240.0,44.0,42.0,5.63,5.31,17.96,5.0,4.0,19.0,109.0,0.0,0.0
8468011,20112012,Ryan Miller,BUF,G,5on4,61,17512.0,5.42,4.0,70.0,2.55,4.0,6.49,8.0,45.75,47.0,7.73,9.0,12.46,7.0,33.77,39.0,5.27,39.0,12.0,11.0,1.04,1.52,2.85,0.0,1.0,3.0,8.0,0.0,0.0
8474550,20112012,Antti Niemi,S.J,G,other,68,5714.0,13.45,16.0,202.0,7.29,9.0,22.22,17.0,106.68,105.0,3.01,0.0,58.23,51.0,42.14,49.0,12.75,88.0,45.0,14.0,2.93,5.38,5.14,3.0,6.0,7.0,55.0,0.0,0.0
8474550,20112012,Antti Niemi,S.J,G,all,68,234946.0,154.47,159.0,3712.0,124.28,119.0,430.73,463.0,1877.05,1865.0,70.27,56.0,1052.61,804.0,810.67,1017.0,149.74,2081.0,417.0,136.0,56.48,50.5,47.49,56.0,48.0,55.0,1078.0,2.0,1.0
8474550,20112012,Antti Niemi,S.J,G,5on5,68,193967.0,110.06,108.0,2986.0,96.04,83.0,358.25,395.0,1512.44,1497.0,54.39,47.0,844.73,633.0,661.61,839.0,107.07,1712.0,323.0,85.0,46.87,39.25,23.94,47.0,38.0,23.0,866.0,2.0,1.0
8474550,20112012,Antti Niemi,S.J,G,4on5,68,15879.0,28.13,32.0,447.0,19.19,27.0,43.91,40.0,216.64,217.0,0.93,0.0,135.91,110.0,72.95,93.0,27.08,233.0,39.0,35.0,5.66,4.64,17.83,5.0,3.0,24.0,140.0,0.0,0.0
8474550,20112012,Antti Niemi,S.J,G,5on4,68,19386.0,1.83,2.0,55.0,1.13,0.0,4.08,7.0,29.57,36.0,11.45,9.0,8.34,9.0,27.63,26.0,1.83,36.0,7.0,1.0,0.69,0.82,0.32,1.0,0.0,1.0,11.0,0.0,0.0
8470860,20112012,Jaroslav Halak,STL,G,other,46,5226.0,8.92,7.0,118.0,5.43,7.0,14.58,13.0,71.6,70.0,2.37,1.0,39.31,37.0,28.14,32.0,8.28,72.0,13.0,14.0,2.44,1.63,4.85,1.0,2.0,4.0,19.0,0.0,0.0
8470860,20112012,Jaroslav Halak,STL,G,all,46,164797.0,103.37,90.0,2294.0,84.4,72.0,278.65,244.0,1234.77,1211.0,44.79,32.0,680.14,558.0,514.55,704.0,100.39,1309.0,299.0,93.0,37.07,36.0,30.28,33.0,29.0,28.0,593.0,0.0,0.0
8470860,20112012,Jaroslav Halak,STL,G,5on5,46,131103.0,70.94,58.0,1728.0,59.06,48.0,216.57,199.0,928.71,911.0,34.81,28.0,504.02,404.0,394.85,543.0,69.1,990.0,229.0,56.0,28.18,27.6,15.15,26.0,21.0,11.0,453.0,0.0,0.0
8470860,20112012,Jaroslav Halak,STL,G,4on5,46,15021.0,19.95,23.0,381.0,17.96,17.0,41.6,28.0,197.15,191.0,1.12,1.0,123.64,103.0,67.21,100.0,19.47,214.0,43.0,20.0,5.57,5.0,9.38,6.0,5.0,12.0,104.0,0.0,0.0
8470860,20112012,Jaroslav Halak,STL,G,5on4,46,13447.0,2.46,2.0,40.0,1.1,0.0,2.84,3.0,22.36,26.0,6.25,2.0,6.23,7.0,16.75,17.0,2.46,18.0,9.0,3.0,0.44,1.12,0.9,0.0,1.0,1.0,10.0,0.0,0.0
8459140,20112012,Nikolai Khabibulin,EDM,G,other,40,3548.0,7.9,8.0,112.0,4.25,2.0,12.0,8.0,60.47,57.0,0.86,1.0,33.04,32.0,23.46,32.0,7.47,52.0,21.0,10.0,1.74,2.42,3.75,0.0,4.0,4.0,29.0,0.0,0.0
8459140,20112012,Nikolai Khabibulin,EDM,G,all,40,135330.0,104.88,100.0,2131.0,78.11,80.0,254.48,174.0,1126.4,1114.0,31.28,27.0,629.18,548.0,464.04,640.0,101.0,1159.0,323.0,86.0,34.16,39.33,31.38,37.0,33.0,30.0,563.0,0.0,0.0
8459140,20112012,Nikolai Khabibulin,EDM,G,5on5,40,106034.0,69.86,72.0,1613.0,55.46,64.0,198.86,138.0,845.09,846.0,25.21,22.0,467.1,391.0,356.3,492.0,67.8,888.0,239.0,48.0,26.98,29.07,13.81,35.0,21.0,16.0,438.0,0.0,0.0
8459140,20112012,Nikolai Khabibulin,EDM,G,4on5,40,13683.0,23.74,17.0,351.0,16.67,12.0,39.29,23.0,191.12,181.0,0.52,0.0,119.4,117.0,64.21,95.0,22.43,197.0,48.0,25.0,4.91,5.75,13.08,2.0,5.0,10.0,81.0,0.0,0.0
8459140,20112012,Nikolai Khabibulin,EDM,G,5on4,40,12065.0,2.58,3.0,44.0,1.22,1.0,2.96,4.0,23.43,25.0,4.48,3.0,6.79,5.0,17.79,19.0,2.55,18.0,12.0,2.0,0.36,1.73,0.48,0.0,3.0,0.0,12.0,0.0,0.0
8470657,20112012,Jimmy Howard,DET,G,other,57,4672.0,10.1,8.0,155.0,6.3,3.0,16.67,22.0,86.56,87.0,2.13,2.0,49.38,50.0,36.77,37.0,9.26,79.0,35.0,8.0,2.72,4.29,3.09,0.0,4.0,4.0,33.0,0.0,0.0
8470657,20112012,Jimmy Howard,DET,G,all,57,201617.0,131.39,119.0,2686.0,101.76,84.0,323.32,337.0,1458.31,1496.0,56.91,81.0,804.25,654.0,610.61,772.0,125.71,1520.0,388.0,110.0,44.2,47.26,39.92,39.0,42.0,38.0,668.0,6.0,3.0
8470657,20112012,Jimmy Howard,DET,G,5on5,57,160445.0,87.02,79.0,2003.0,73.0,56.0,256.54,260.0,1108.89,1136.0,43.6,64.0,605.57,474.0,470.34,616.0,84.96,1169.0,304.0,55.0,34.71,36.8,15.5,34.0,32.0,13.0,475.0,6.0,3.0
8470657,20112012,Jimmy Howard,DET,G,4on5,57,17606.0,28.9,25.0,462.0,20.07,21.0,44.42,50.0,219.98,228.0,0.86,0.0,136.89,119.0,73.52,90.0,26.38,239.0,37.0,35.0,5.91,4.68,18.3,4.0,4.0,17.0,151.0,0.0,0.0
8470657,20112012,Jimmy Howard,DET,G,5on4,57,18894.0,4.22,6.0,58.0,1.88,2.0,4.52,4.0,36.39,39.0,10.17,15.0,9.86,9.0,27.56,27.0,4.1,31.0,8.0,10.0,0.78,1.01,2.44,1.0,2.0,3.0,9.0,0.0,0.0
8471239,20112012,Cory Schneider,VAN,G,other,33,3755.0,4.98,6.0,82.0,3.33,2.0,8.75,8.0,43.27,39.0,1.5,2.0,24.9,23.0,15.56,19.0,4.67,35.0,20.0,4.0,1.26,2.51,1.21,1.0,3.0,2.0,23.0,0.0,0.0
8471239,20112012,Cory Schneider,VAN,G,all,33,109970.0,77.05,60.0,1594.0,63.34,58.0,196.79,229.0,879.29,945.0,30.29,20.0,496.23,382.0,360.14,463.0,73.97,898.0,265.0,60.0,27.07,32.15,17.84,20.0,21.0,19.0,371.0,0.0,0.0
8471239,20112012,Cory Schneider,VAN,G,5on5,33,86521.0,54.19,47.0,1194.0,44.47,44.0,153.79,183.0,662.68,712.0,23.68,16.0,369.97,273.0,277.66,354.0,52.43,699.0,186.0,37.0,21.01,22.76,10.42,19.0,16.0,12.0,272.0,0.0,0.0
8471239,20112012,Cory Schneider,VAN,G,4on5,33,11090.0,15.81,6.0,279.0,14.32,10.0,30.65,37.0,148.4,166.0,0.69,0.0,93.6,83.0,49.37,65.0,14.87,138.0,55.0,16.0,3.96,6.41,5.45,0.0,2.0,4.0,70.0,0.0,0.0
8471239,20112012,Cory Schneider,VAN,G,5on4,33,8604.0,1.51,1.0,31.0,0.91,2.0,2.76,1.0,20.3,24.0,4.11,2.0,5.79,3.0,15.35,19.0,1.44,22.0,3.0,2.0,0.68,0.3,0.53,0.0,0.0,1.0,4.0,0.0,0.0
8471750,20112012,Ben Bishop,OTT,G,other,10,1184.0,2.82,2.0,28.0,1.34,4.0,3.43,0.0,17.56,16.0,0.64,0.0,9.69,8.0,6.15,10.0,2.64,17.0,3.0,4.0,0.6,0.36,1.86,0.0,0.0,2.0,4.0,0.0,0.0
8471750,20112012,Ben Bishop,OTT,G,all,10,31899.0,19.27,22.0,429.0,16.19,17.0,51.93,45.0,231.78,243.0,9.33,6.0,131.52,92.0,98.52,144.0,18.67,254.0,52.0,19.0,6.63,6.14,6.5,11.0,5.0,6.0,104.0,2.0,1.0
8471750,20112012,Ben Bishop,OTT,G,5on5,10,25416.0,12.86,16.0,324.0,11.09,7.0,39.55,37.0,169.08,180.0,7.31,3.0,94.78,66.0,72.23,105.0,12.73,182.0,44.0,10.0,5.33,5.13,2.41,10.0,4.0,2.0,88.0,2.0,1.0
8471750,20112012,Ben Bishop,OTT,G,4on5,10,2516.0,2.67,3.0,63.0,3.32,5.0,8.0,8.0,36.76,37.0,0.26,0.0,24.8,16.0,12.92,21.0,2.44,47.0,3.0,3.0,0.57,0.34,1.77,0.0,1.0,2.0,10.0,0.0,0.0
8471750,20112012,Ben Bishop,OTT,G,5on4,10,2783.0,0.91,1.0,14.0,0.43,1.0,0.94,0.0,8.38,10.0,1.11,3.0,2.25,2.0,7.22,8.0,0.86,8.0,2.0,2.0,0.13,0.32,0.46,1.0,0.0,0.0,2.0,0.0,0.0
8471822,20112012,Brian Foster,FLA,G,other,1,0.0,0.0,0.0,0.0,0.0,0.0,0.0,0.0,0.0,0.0,0.0,0.0,0.0,0.0,0.0,0.0,0.0,0.0,0.0,0.0,0.0,0.0,0.0,0.0,0.0,0.0,0.0,0.0,0.0
8471822,20112012,Brian Foster,FLA,G,all,1,292.0,0.07,0.0,1.0,0.04,0.0,0.12,0.0,0.77,1.0,0.04,0.0,0.39,0.0,0.35,1.0,0.07,1.0,0.0,0.0,0.07,0.0,0.0,0.0,0.0,0.0,0.0,0.0,0.0
8471822,20112012,Brian Foster,FLA,G,5on5,1,292.0,0.07,0.0,1.0,0.04,0.0,0.12,0.0,0.77,1.0,0.04,0.0,0.39,0.0,0.35,1.0,0.07,1.0,0.0,0.0,0.07,0.0,0.0,0.0,0.0,0.0,0.0,0.0,0.0
8471822,20112012,Brian Foster,FLA,G,4on5,1,0.0,0.0,0.0,0.0,0.0,0.0,0.0,0.0,0.0,0.0,0.0,0.0,0.0,0.0,0.0,0.0,0.0,0.0,0.0,0.0,0.0,0.0,0.0,0.0,0.0,0.0,0.0,0.0,0.0
8471822,20112012,Brian Foster,FLA,G,5on4,1,0.0,0.0,0.0,0.0,0.0,0.0,0.0,0.0,0.0,0.0,0.0,0.0,0.0,0.0,0.0,0.0,0.0,0.0,0.0,0.0,0.0,0.0,0.0,0.0,0.0,0.0,0.0,0.0,0.0
8468524,20112012,Ilya Bryzgalov,PHI,G,other,59,5923.0,13.23,9.0,170.0,5.69,5.0,16.41,15.0,86.04,87.0,3.22,2.0,45.3,38.0,33.62,47.0,11.54,76.0,21.0,20.0,2.29,2.41,8.53,0.0,2.0,7.0,53.0,0.0,0.0
8468524,20112012,Ilya Bryzgalov,PHI,G,all,59,204915.0,141.81,141.0,3032.0,106.44,114.0,366.69,338.0,1589.04,1554.0,59.2,51.0,869.24,693.0,665.69,861.0,135.54,1682.0,381.0,139.0,46.69,46.04,49.08,41.0,52.0,48.0,830.0,4.0,2.0
8468524,20112012,Ilya Bryzgalov,PHI,G,5on5,59,158114.0,95.91,97.0,2328.0,78.8,82.0,295.22,275.0,1231.91,1209.0,43.36,36.0,673.79,532.0,521.54,676.0,92.86,1331.0,292.0,83.0,37.99,35.68,22.25,34.0,41.0,22.0,622.0,2.0,1.0
8468524,20112012,Ilya Bryzgalov,PHI,G,4on5,59,19929.0,28.34,32.0,452.0,19.84,25.0,48.4,41.0,225.62,210.0,1.81,1.0,136.38,110.0,74.69,102.0,26.88,229.0,55.0,31.0,5.11,6.33,16.9,5.0,8.0,19.0,137.0,2.0,1.0
8468524,20112012,Ilya Bryzgalov,PHI,G,5on4,59,20949.0,3.96,3.0,75.0,1.86,2.0,5.43,5.0,40.54,44.0,10.64,12.0,11.49,11.0,33.12,34.0,3.9,41.0,11.0,5.0,1.11,1.44,1.41,2.0,1.0,0.0,18.0,0.0,0.0
8467453,20112012,Andrew Raycroft,DAL,G,other,10,1266.0,2.4,0.0,34.0,1.52,2.0,4.26,3.0,21.09,21.0,0.33,0.0,11.81,13.0,8.35,11.0,2.19,19.0,8.0,2.0,0.64,0.97,0.78,0.0,0.0,0.0,5.0,0.0,0.0
8467453,20112012,Andrew Raycroft,DAL,G,all,10,31763.0,24.6,31.0,528.0,19.38,23.0,69.62,72.0,290.99,303.0,8.38,6.0,164.46,133.0,120.14,142.0,23.04,324.0,60.0,24.0,9.04,7.38,8.18,9.0,12.0,10.0,120.0,0.0,0.0
8467453,20112012,Andrew Raycroft,DAL,G,5on5,10,26016.0,16.68,27.0,422.0,14.64,20.0,57.98,60.0,230.21,242.0,6.91,6.0,130.18,97.0,96.66,116.0,16.02,263.0,44.0,17.0,7.03,5.37,4.28,9.0,11.0,7.0,98.0,0.0,0.0
8467453,20112012,Andrew Raycroft,DAL,G,4on5,10,1973.0,5.17,4.0,64.0,3.01,1.0,6.93,8.0,35.18,35.0,0.22,0.0,21.16,22.0,11.61,11.0,4.48,38.0,6.0,5.0,1.27,0.78,3.12,0.0,1.0,3.0,15.0,0.0,0.0
8467453,20112012,Andrew Raycroft,DAL,G,5on4,10,2508.0,0.36,0.0,8.0,0.22,0.0,0.46,1.0,4.51,5.0,0.92,0.0,1.31,1.0,3.52,4.0,0.36,4.0,2.0,0.0,0.1,0.26,0.0,0.0,0.0,0.0,2.0,0.0,0.0
8460535,20112012,Jose Theodore,FLA,G,other,53,4478.0,8.68,9.0,137.0,5.46,4.0,15.52,20.0,75.01,78.0,1.73,0.0,42.52,39.0,28.25,29.0,8.25,68.0,25.0,10.0,1.94,2.94,3.8,1.0,3.0,5.0,34.0,0.0,0.0
8460535,20112012,Jose Theodore,FLA,G,all,53,182967.0,134.47,125.0,2678.0,100.98,141.0,335.54,302.0,1468.85,1502.0,46.91,42.0,809.77,669.0,607.25,751.0,129.47,1541.0,350.0,145.0,44.19,42.56,47.73,45.0,32.0,48.0,642.0,2.0,1.0
8460535,20112012,Jose Theodore,FLA,G,5on5,53,147045.0,92.8,82.0,2102.0,74.42,110.0,269.1,237.0,1137.24,1163.0,36.43,28.0,624.59,511.0,478.87,600.0,89.43,1219.0,267.0,91.0,35.53,32.4,24.88,34.0,25.0,23.0,525.0,0.0,0.0
8460535,20112012,Jose Theodore,FLA,G,4on5,53,14927.0,28.88,30.0,369.0,18.91,22.0,43.8,40.0,213.09,216.0,0.73,2.0,128.07,103.0,69.52,92.0,27.77,211.0,45.0,40.0,5.38,5.57,17.93,8.0,3.0,19.0,73.0,0.0,0.0
8460535,20112012,Jose Theodore,FLA,G,5on4,53,16517.0,3.15,2.0,49.0,1.54,5.0,4.58,4.0,31.81,31.0,7.21,11.0,9.31,11.0,24.44,22.0,3.04,31.0,10.0,3.0,0.94,1.28,0.93,0.0,1.0,1.0,5.0,2.0,1.0
8471418,20112012,Anton Khudobin,BOS,G,other,1,166.0,0.54,0.0,7.0,0.26,0.0,0.6,1.0,3.43,2.0,0.0,0.0,2.29,3.0,1.18,1.0,0.5,1.0,4.0,0.0,0.06,0.48,0.0,0.0,0.0,0.0,2.0,0.0,0.0
8471418,20112012,Anton Khudobin,BOS,G,all,1,3600.0,3.27,1.0,85.0,2.89,2.0,10.42,6.0,45.54,45.0,0.76,1.0,25.96,26.0,19.01,26.0,3.13,47.0,14.0,2.0,1.16,1.69,0.42,0.0,1.0,0.0,22.0,0.0,0.0
8471418,20112012,Anton Khudobin,BOS,G,5on5,1,2783.0,1.68,1.0,56.0,1.83,0.0,7.58,3.0,30.89,32.0,0.57,1.0,17.41,18.0,12.56,19.0,1.62,35.0,6.0,1.0,0.72,0.76,0.2,0.0,1.0,0.0,14.0,0.0,0.0
8471418,20112012,Anton Khudobin,BOS,G,4on5,1,360.0,0.69,0.0,15.0,0.64,1.0,1.67,2.0,7.4,9.0,0.03,0.0,5.1,4.0,2.62,3.0,0.65,8.0,3.0,0.0,0.35,0.35,0.0,0.0,0.0,0.0,4.0,0.0,0.0
8471418,20112012,Anton Khudobin,BOS,G,5on4,1,291.0,0.36,0.0,7.0,0.16,1.0,0.56,0.0,3.82,2.0,0.16,0.0,1.17,1.0,2.64,3.0,0.35,3.0,1.0,1.0,0.03,0.11,0.22,0.0,0.0,0.0,2.0,0.0,0.0
8471734,20112012,Jonathan Quick,L.A,G,other,69,7732.0,15.32,10.0,262.0,10.88,9.0,30.63,24.0,148.3,129.0,4.43,5.0,84.67,77.0,58.56,82.0,14.25,140.0,49.0,16.0,4.61,6.06,4.65,2.0,5.0,3.0,57.0,0.0,0.0
8471734,20112012,Jonathan Quick,L.A,G,all,69,245966.0,164.79,133.0,3530.0,135.38,139.0,443.66,441.0,1960.91,1863.0,68.21,59.0,1101.52,859.0,824.95,1099.0,156.76,2116.0,471.0,147.0,60.17,55.47,49.14,50.0,42.0,41.0,796.0,6.0,3.0
8471734,20112012,Jonathan Quick,L.A,G,5on5,69,192841.0,110.58,92.0,2600.0,93.75,107.0,340.54,329.0,1448.38,1379.0,52.39,46.0,801.17,603.0,621.32,838.0,107.25,1591.0,339.0,84.0,46.49,40.24,23.85,41.0,29.0,22.0,586.0,6.0,3.0
8471734,20112012,Jonathan Quick,L.A,G,4on5,69,23534.0,35.95,28.0,587.0,28.92,22.0,65.89,83.0,320.83,312.0,0.95,0.0,201.6,163.0,107.8,141.0,32.41,332.0,75.0,44.0,7.79,8.31,19.85,5.0,8.0,15.0,136.0,0.0,0.0
8471734,20112012,Jonathan Quick,L.A,G,5on4,69,21859.0,2.56,2.0,66.0,1.45,1.0,4.88,4.0,35.76,37.0,10.1,8.0,10.0,11.0,33.08,34.0,2.48,43.0,7.0,3.0,1.05,0.72,0.79,1.0,0.0,1.0,13.0,0.0,0.0
8475680,20112012,Jussi Rynnas,TOR,G,other,2,218.0,0.36,1.0,4.0,0.15,0.0,0.35,0.0,2.26,2.0,0.07,0.0,0.98,2.0,1.09,0.0,0.35,0.0,3.0,0.0,0.0,0.36,0.0,0.0,1.0,0.0,1.0,0.0,0.0
8475680,20112012,Jussi Rynnas,TOR,G,all,2,5934.0,6.23,7.0,80.0,3.15,3.0,9.73,12.0,47.89,40.0,1.38,1.0,24.8,18.0,20.61,23.0,6.1,44.0,16.0,6.0,1.08,1.98,3.17,0.0,5.0,2.0,14.0,0.0,0.0
8475680,20112012,Jussi Rynnas,TOR,G,5on5,2,4940.0,2.85,4.0,63.0,2.36,1.0,8.15,10.0,37.16,30.0,1.22,0.0,20.44,14.0,17.06,20.0,2.78,38.0,13.0,1.0,0.94,1.61,0.3,0.0,4.0,0.0,11.0,0.0,0.0
8475680,20112012,Jussi Rynnas,TOR,G,4on5,2,360.0,2.42,1.0,11.0,0.54,1.0,1.03,2.0,6.74,6.0,0.02,0.0,3.04,2.0,1.77,3.0,2.42,5.0,0.0,4.0,0.07,0.0,2.36,0.0,0.0,1.0,2.0,0.0,0.0
8475680,20112012,Jussi Rynnas,TOR,G,5on4,2,416.0,0.59,1.0,2.0,0.1,1.0,0.21,0.0,1.74,2.0,0.07,1.0,0.34,0.0,0.7,0.0,0.55,1.0,0.0,1.0,0.08,0.0,0.52,0.0,0.0,1.0,0.0,0.0,0.0
8471186,20112012,Yann Danis,EDM,G,other,1,120.0,0.27,0.0,3.0,0.21,0.0,0.34,0.0,2.29,2.0,0.0,0.0,0.98,2.0,1.12,1.0,0.25,2.0,1.0,0.0,0.13,0.14,0.0,0.0,0.0,0.0,0.0,0.0,0.0
8471186,20112012,Yann Danis,EDM,G,all,1,1946.0,1.26,2.0,19.0,0.87,0.0,3.24,5.0,13.03,12.0,0.42,0.0,6.95,4.0,5.08,7.0,1.24,16.0,1.0,1.0,0.41,0.14,0.71,1.0,0.0,1.0,1.0,0.0,0.0
8471186,20112012,Yann Danis,EDM,G,5on5,1,1181.0,0.11,1.0,7.0,0.18,0.0,1.47,4.0,4.52,5.0,0.4,0.0,2.13,0.0,1.77,1.0,0.11,6.0,0.0,0.0,0.11,0.0,0.0,1.0,0.0,0.0,1.0,0.0,0.0
8471186,20112012,Yann Danis,EDM,G,4on5,1,525.0,0.88,1.0,9.0,0.48,0.0,1.43,1.0,6.22,5.0,0.02,0.0,3.84,2.0,2.19,5.0,0.88,8.0,0.0,1.0,0.17,0.0,0.71,0.0,0.0,1.0,0.0,0.0,0.0
8471186,20112012,Yann Danis,EDM,G,5on4,1,120.0,0.0,0.0,0.0,0.0,0.0,0.0,0.0,0.0,0.0,0.0,0.0,0.0,0.0,0.0,0.0,0.0,0.0,0.0,0.0,0.0,0.0,0.0,0.0,0.0,0.0,0.0,0.0,0.0
8475431,20112012,Henrik Karlsson,CGY,G,other,9,877.0,3.84,4.0,37.0,1.75,3.0,5.65,6.0,25.67,28.0,0.42,1.0,12.48,13.0,9.38,7.0,2.98,20.0,9.0,5.0,0.49,1.05,2.31,0.0,2.0,2.0,3.0,0.0,0.0
8475431,20112012,Henrik Karlsson,CGY,G,all,9,27250.0,23.88,24.0,413.0,15.76,16.0,51.87,49.0,229.89,239.0,6.12,7.0,125.51,97.0,92.58,119.0,22.28,232.0,56.0,29.0,6.3,7.09,10.49,7.0,7.0,10.0,96.0,0.0,0.0
8475431,20112012,Henrik Karlsson,CGY,G,5on5,9,22365.0,13.84,14.0,300.0,11.0,10.0,38.76,31.0,165.72,168.0,4.94,6.0,91.12,66.0,68.11,98.0,13.36,174.0,38.0,16.0,4.54,4.86,4.43,6.0,4.0,4.0,72.0,0.0,0.0
8475431,20112012,Henrik Karlsson,CGY,G,4on5,9,2043.0,4.67,5.0,63.0,2.46,2.0,6.25,12.0,30.34,34.0,0.17,0.0,18.65,16.0,9.98,8.0,4.51,31.0,7.0,5.0,1.07,0.93,2.67,1.0,1.0,3.0,20.0,0.0,0.0
8475431,20112012,Henrik Karlsson,CGY,G,5on4,9,1965.0,0.69,1.0,9.0,0.23,0.0,0.61,0.0,5.39,7.0,0.59,0.0,1.57,1.0,4.73,5.0,0.69,5.0,2.0,1.0,0.08,0.26,0.36,0.0,0.0,1.0,1.0,0.0,0.0
8469732,20112012,Joey MacDonald,DET,G,other,14,1379.0,2.33,1.0,30.0,1.35,2.0,3.96,4.0,18.09,17.0,0.39,0.0,8.85,9.0,6.67,7.0,2.22,13.0,8.0,3.0,0.52,1.01,0.8,0.0,1.0,0.0,6.0,0.0,0.0
8469732,20112012,Joey MacDonald,DET,G,all,14,48333.0,30.04,29.0,624.0,24.05,21.0,78.57,71.0,349.32,330.0,12.31,11.0,192.25,138.0,148.71,210.0,29.03,363.0,94.0,28.0,9.44,11.01,9.59,2.0,14.0,13.0,139.0,0.0,0.0
8469732,20112012,Joey MacDonald,DET,G,5on5,14,37561.0,19.83,18.0,470.0,16.67,10.0,60.42,54.0,260.29,248.0,9.52,9.0,144.78,102.0,112.94,164.0,19.52,274.0,75.0,14.0,7.36,8.65,3.83,1.0,11.0,6.0,107.0,0.0,0.0
8469732,20112012,Joey MacDonald,DET,G,4on5,14,4507.0,6.41,7.0,107.0,5.38,8.0,12.45,11.0,57.91,51.0,0.3,0.0,35.18,25.0,19.75,30.0,5.9,66.0,7.0,8.0,1.4,0.85,4.16,1.0,1.0,5.0,26.0,0.0,0.0
8469732,20112012,Joey MacDonald,DET,G,5on4,14,4886.0,1.47,3.0,17.0,0.65,1.0,1.75,2.0,13.02,14.0,2.1,2.0,3.43,2.0,9.34,9.0,1.39,10.0,4.0,3.0,0.16,0.51,0.8,0.0,1.0,2.0,0.0,0.0,0.0
8460806,20112012,Dwayne Roloson,T.B,G,other,40,4331.0,9.4,12.0,111.0,4.82,6.0,11.84,10.0,62.03,63.0,0.96,0.0,33.87,31.0,22.13,24.0,9.02,48.0,23.0,13.0,1.57,3.13,4.7,3.0,4.0,5.0,27.0,0.0,0.0
8460806,20112012,Dwayne Roloson,T.B,G,all,40,125611.0,112.03,128.0,2066.0,80.67,91.0,246.88,264.0,1129.89,1126.0,30.87,33.0,622.9,477.0,462.46,573.0,106.84,1131.0,317.0,113.0,33.37,38.74,39.92,34.0,46.0,48.0,505.0,6.0,3.0
8460806,20112012,Dwayne Roloson,T.B,G,5on5,40,99960.0,69.43,83.0,1544.0,55.3,62.0,191.3,212.0,824.93,827.0,24.49,27.0,452.85,325.0,344.44,437.0,67.27,854.0,229.0,57.0,26.24,27.92,15.26,26.0,34.0,23.0,404.0,6.0,3.0
8460806,20112012,Dwayne Roloson,T.B,G,4on5,40,10598.0,29.04,26.0,335.0,18.42,20.0,36.85,36.0,196.18,191.0,0.77,1.0,121.15,110.0,61.47,76.0,26.41,184.0,51.0,38.0,4.6,5.98,18.45,5.0,3.0,18.0,62.0,0.0,0.0
8460806,20112012,Dwayne Roloson,T.B,G,5on4,40,10722.0,3.09,6.0,57.0,1.56,1.0,4.5,5.0,36.22,39.0,4.18,3.0,10.32,7.0,29.54,31.0,3.08,36.0,10.0,4.0,0.75,1.23,1.11,0.0,5.0,1.0,7.0,0.0,0.0
8467959,20112012,Sebastien Caron,T.B,G,other,3,555.0,0.44,0.0,7.0,0.33,0.0,0.93,0.0,4.43,4.0,0.27,0.0,2.2,4.0,1.97,2.0,0.44,4.0,2.0,0.0,0.13,0.32,0.0,0.0,0.0,0.0,1.0,0.0,0.0
8467959,20112012,Sebastien Caron,T.B,G,all,3,8080.0,4.76,7.0,116.0,3.94,4.0,13.38,10.0,57.35,57.0,1.99,1.0,31.04,27.0,24.05,27.0,4.67,58.0,17.0,4.0,1.7,2.05,1.02,3.0,1.0,3.0,37.0,0.0,0.0
8467959,20112012,Sebastien Caron,T.B,G,5on5,3,5899.0,3.77,6.0,92.0,2.95,3.0,11.25,9.0,46.33,47.0,1.29,1.0,25.48,20.0,19.09,22.0,3.7,47.0,13.0,4.0,1.27,1.48,1.02,2.0,1.0,3.0,28.0,0.0,0.0
8467959,20112012,Sebastien Caron,T.B,G,4on5,3,580.0,0.33,1.0,11.0,0.52,1.0,0.87,0.0,4.16,4.0,0.06,0.0,2.76,3.0,1.35,1.0,0.32,5.0,1.0,0.0,0.22,0.11,0.0,1.0,0.0,0.0,5.0,0.0,0.0
8467959,20112012,Sebastien Caron,T.B,G,5on4,3,1046.0,0.22,0.0,6.0,0.15,0.0,0.34,1.0,2.43,2.0,0.36,0.0,0.6,0.0,1.64,2.0,0.22,2.0,1.0,0.0,0.08,0.14,0.0,0.0,0.0,0.0,3.0,0.0,0.0
8476803,20112012,Shawn Hunwick,CBJ,G,other,1,0.0,0.0,0.0,0.0,0.0,0.0,0.0,0.0,0.0,0.0,0.0,0.0,0.0,0.0,0.0,0.0,0.0,0.0,0.0,0.0,0.0,0.0,0.0,0.0,0.0,0.0,0.0,0.0,0.0
8476803,20112012,Shawn Hunwick,CBJ,G,all,1,153.0,0.0,0.0,0.0,0.0,0.0,0.0,0.0,0.0,0.0,0.09,0.0,0.0,0.0,0.0,0.0,0.0,0.0,0.0,0.0,0.0,0.0,0.0,0.0,0.0,0.0,0.0,0.0,0.0
8476803,20112012,Shawn Hunwick,CBJ,G,5on5,1,153.0,0.0,0.0,0.0,0.0,0.0,0.0,0.0,0.0,0.0,0.09,0.0,0.0,0.0,0.0,0.0,0.0,0.0,0.0,0.0,0.0,0.0,0.0,0.0,0.0,0.0,0.0,0.0,0.0
8476803,20112012,Shawn Hunwick,CBJ,G,4on5,1,0.0,0.0,0.0,0.0,0.0,0.0,0.0,0.0,0.0,0.0,0.0,0.0,0.0,0.0,0.0,0.0,0.0,0.0,0.0,0.0,0.0,0.0,0.0,0.0,0.0,0.0,0.0,0.0,0.0
8476803,20112012,Shawn Hunwick,CBJ,G,5on4,1,0.0,0.0,0.0,0.0,0.0,0.0,0.0,0.0,0.0,0.0,0.0,0.0,0.0,0.0,0.0,0.0,0.0,0.0,0.0,0.0,0.0,0.0,0.0,0.0,0.0,0.0,0.0,0.0,0.0
8473614,20112012,Richard Bachman,DAL,G,other,18,1634.0,2.55,1.0,43.0,1.48,1.0,5.06,4.0,23.29,21.0,0.64,1.0,13.59,11.0,9.51,16.0,2.4,24.0,6.0,3.0,0.75,0.7,1.1,0.0,0.0,1.0,10.0,0.0,0.0
8473614,20112012,Richard Bachman,DAL,G,all,18,55685.0,40.24,43.0,882.0,30.77,32.0,107.03,128.0,463.5,477.0,14.04,15.0,260.78,201.0,194.1,231.0,39.18,498.0,112.0,38.0,13.95,13.45,12.83,15.0,14.0,14.0,234.0,0.0,0.0
8473614,20112012,Richard Bachman,DAL,G,5on5,18,44793.0,29.2,28.0,715.0,23.77,29.0,89.18,108.0,370.05,377.0,11.61,13.0,206.07,158.0,154.66,180.0,28.4,405.0,86.0,24.0,11.47,10.52,7.21,12.0,11.0,5.0,200.0,0.0,0.0
8473614,20112012,Richard Bachman,DAL,G,4on5,18,4771.0,7.25,12.0,101.0,4.89,1.0,11.27,15.0,57.77,66.0,0.28,0.0,37.73,30.0,19.04,23.0,7.14,58.0,15.0,9.0,1.55,1.63,4.06,3.0,2.0,7.0,19.0,0.0,0.0
8473614,20112012,Richard Bachman,DAL,G,5on4,18,4487.0,1.24,2.0,23.0,0.62,1.0,1.51,1.0,12.4,13.0,1.51,1.0,3.38,2.0,10.89,12.0,1.23,11.0,5.0,2.0,0.18,0.6,0.47,0.0,1.0,1.0,5.0,0.0,0.0
8473523,20112012,Jhonas Enroth,BUF,G,other,26,1849.0,4.06,4.0,60.0,2.43,3.0,6.6,7.0,33.79,37.0,0.91,0.0,19.02,17.0,13.71,15.0,3.93,33.0,11.0,3.0,1.04,1.46,1.55,2.0,1.0,1.0,13.0,0.0,0.0
8473523,20112012,Jhonas Enroth,BUF,G,all,26,83955.0,63.06,63.0,1372.0,51.16,43.0,172.25,156.0,752.75,756.0,20.22,18.0,426.74,330.0,327.06,443.0,61.25,820.0,187.0,58.0,22.74,22.03,18.3,19.0,24.0,20.0,307.0,2.0,1.0
8473523,20112012,Jhonas Enroth,BUF,G,5on5,26,67383.0,44.11,42.0,1071.0,37.01,31.0,138.35,129.0,581.03,576.0,15.73,12.0,325.31,252.0,255.4,347.0,43.14,643.0,143.0,33.0,18.62,16.98,8.51,16.0,19.0,7.0,252.0,2.0,1.0
8473523,20112012,Jhonas Enroth,BUF,G,4on5,26,8076.0,12.95,14.0,198.0,10.32,9.0,23.14,18.0,110.7,112.0,0.32,0.0,72.49,50.0,37.15,59.0,12.24,115.0,24.0,21.0,2.29,2.66,8.01,0.0,2.0,12.0,38.0,0.0,0.0
8473523,20112012,Jhonas Enroth,BUF,G,5on4,26,6647.0,1.54,3.0,31.0,1.01,0.0,2.67,1.0,20.38,25.0,3.1,4.0,6.42,7.0,16.8,18.0,1.54,21.0,7.0,1.0,0.57,0.74,0.23,1.0,2.0,0.0,2.0,0.0,0.0
8474057,20112012,Allen York,CBJ,G,other,11,991.0,0.91,2.0,24.0,1.0,0.0,2.12,0.0,12.35,11.0,0.27,0.0,8.98,11.0,3.58,4.0,0.9,12.0,5.0,0.0,0.27,0.65,0.0,0.0,2.0,0.0,7.0,0.0,0.0
8474057,20112012,Allen York,CBJ,G,all,11,25002.0,14.71,16.0,372.0,12.66,7.0,41.05,24.0,190.44,199.0,7.4,14.0,109.71,112.0,81.93,96.0,14.49,211.0,44.0,11.0,5.9,4.97,3.83,4.0,7.0,5.0,106.0,0.0,0.0
8474057,20112012,Allen York,CBJ,G,5on5,11,18643.0,9.89,11.0,282.0,9.31,6.0,33.02,22.0,145.86,150.0,4.85,9.0,82.75,84.0,62.5,71.0,9.75,161.0,35.0,6.0,4.46,3.88,1.54,4.0,5.0,2.0,80.0,0.0,0.0
8474057,20112012,Allen York,CBJ,G,4on5,11,2242.0,2.96,2.0,51.0,2.0,0.0,5.06,1.0,25.29,28.0,0.12,1.0,16.18,16.0,9.04,14.0,2.91,30.0,3.0,3.0,0.96,0.34,1.65,0.0,0.0,2.0,15.0,0.0,0.0
8474057,20112012,Allen York,CBJ,G,5on4,11,3126.0,0.96,1.0,15.0,0.36,1.0,0.85,1.0,6.94,10.0,2.17,4.0,1.8,1.0,6.82,7.0,0.93,8.0,1.0,2.0,0.21,0.1,0.64,0.0,0.0,1.0,4.0,0.0,0.0
8471306,20112012,Thomas Greiss,S.J,G,other,19,1107.0,2.1,2.0,24.0,0.92,0.0,2.27,3.0,11.96,14.0,0.39,0.0,6.29,6.0,4.04,4.0,1.98,10.0,3.0,3.0,0.47,0.43,1.2,0.0,0.0,2.0,8.0,0.0,0.0
8471306,20112012,Thomas Greiss,S.J,G,all,19,62563.0,34.91,40.0,858.0,28.19,16.0,100.34,106.0,434.94,472.0,19.19,14.0,243.36,181.0,191.83,254.0,34.02,493.0,91.0,29.0,13.03,11.3,10.58,16.0,9.0,15.0,245.0,2.0,1.0
8471306,20112012,Thomas Greiss,S.J,G,5on5,19,50566.0,22.78,25.0,674.0,20.34,10.0,80.81,86.0,337.63,366.0,14.6,13.0,188.9,136.0,150.17,207.0,22.38,397.0,64.0,13.0,10.51,8.03,4.24,14.0,6.0,5.0,200.0,2.0,1.0
8471306,20112012,Thomas Greiss,S.J,G,4on5,19,4350.0,8.67,12.0,134.0,6.28,6.0,14.95,15.0,70.11,73.0,0.1,0.0,43.7,35.0,24.86,30.0,8.31,69.0,22.0,10.0,1.76,2.61,4.3,2.0,3.0,7.0,33.0,0.0,0.0
8471306,20112012,Thomas Greiss,S.J,G,5on4,19,6540.0,1.31,1.0,22.0,0.58,0.0,1.6,2.0,12.82,17.0,4.01,1.0,3.5,3.0,11.64,12.0,1.31,14.0,2.0,3.0,0.24,0.23,0.84,0.0,0.0,1.0,3.0,0.0,0.0
8473503,20112012,James Reimer,TOR,G,other,34,3126.0,8.68,6.0,81.0,2.69,4.0,7.24,8.0,39.34,37.0,1.01,2.0,20.02,19.0,14.05,17.0,6.76,28.0,12.0,14.0,0.88,1.6,6.2,0.0,2.0,4.0,27.0,0.0,0.0
8473503,20112012,James Reimer,TOR,G,all,34,112755.0,92.84,97.0,1870.0,67.3,55.0,221.55,214.0,990.07,974.0,28.89,30.0,551.02,462.0,407.67,506.0,88.68,1003.0,293.0,76.0,28.7,35.27,28.88,25.0,41.0,31.0,498.0,0.0,0.0
8473503,20112012,James Reimer,TOR,G,5on5,34,90687.0,63.34,62.0,1465.0,50.51,43.0,180.35,169.0,778.05,763.0,22.77,22.0,430.98,355.0,325.15,419.0,61.64,798.0,236.0,41.0,23.55,28.44,11.35,20.0,31.0,11.0,390.0,0.0,0.0
8473503,20112012,James Reimer,TOR,G,4on5,34,9017.0,18.63,26.0,285.0,12.82,8.0,29.83,34.0,146.56,143.0,0.56,0.0,91.22,79.0,47.64,48.0,18.11,148.0,38.0,19.0,3.45,4.36,10.83,4.0,6.0,16.0,80.0,0.0,0.0
8473503,20112012,James Reimer,TOR,G,5on4,34,9925.0,1.33,2.0,27.0,0.8,0.0,2.33,2.0,18.09,23.0,4.25,5.0,5.11,4.0,16.93,19.0,1.32,22.0,4.0,1.0,0.57,0.5,0.26,0.0,2.0,0.0,0.0,0.0,0.0
8471219,20112012,Al Montoya,NYI,G,other,31,2581.0,10.34,8.0,95.0,3.61,7.0,8.38,11.0,48.01,50.0,1.13,0.0,25.74,18.0,14.3,16.0,9.19,27.0,22.0,15.0,1.22,2.79,6.33,2.0,2.0,4.0,31.0,2.0,1.0
8471219,20112012,Al Montoya,NYI,G,all,31,103182.0,81.81,89.0,1604.0,57.61,61.0,177.07,193.0,817.63,832.0,25.5,21.0,434.76,322.0,359.25,445.0,78.34,809.0,243.0,85.0,23.03,30.15,28.63,29.0,37.0,23.0,467.0,2.0,1.0
8471219,20112012,Al Montoya,NYI,G,5on5,31,83946.0,54.55,65.0,1261.0,43.22,40.0,144.28,163.0,639.06,651.0,20.05,12.0,342.54,256.0,284.96,348.0,52.86,659.0,183.0,48.0,18.58,22.26,13.72,24.0,31.0,10.0,371.0,0.0,0.0
8471219,20112012,Al Montoya,NYI,G,4on5,31,8001.0,12.5,13.0,191.0,8.62,13.0,19.98,15.0,96.38,94.0,0.76,0.0,56.83,38.0,33.57,52.0,12.01,93.0,26.0,16.0,2.34,3.38,6.78,2.0,4.0,7.0,56.0,0.0,0.0
8471219,20112012,Al Montoya,NYI,G,5on4,31,8654.0,3.93,2.0,51.0,1.9,1.0,3.75,4.0,30.56,32.0,3.42,9.0,8.42,9.0,24.15,26.0,3.8,27.0,11.0,5.0,0.83,1.54,1.57,1.0,0.0,1.0,8.0,0.0,0.0
8476243,20112012,Iiro Tarkki,ANA,G,other,1,65.0,0.0,0.0,0.0,0.0,0.0,0.0,0.0,0.0,0.0,0.05,0.0,0.0,0.0,0.0,0.0,0.0,0.0,0.0,0.0,0.0,0.0,0.0,0.0,0.0,0.0,0.0,0.0,0.0
8476243,20112012,Iiro Tarkki,ANA,G,all,1,2451.0,1.26,3.0,31.0,1.14,0.0,3.62,2.0,15.3,10.0,0.48,0.0,9.66,10.0,6.78,8.0,1.26,21.0,1.0,1.0,0.61,0.1,0.56,2.0,0.0,1.0,8.0,0.0,0.0
8476243,20112012,Iiro Tarkki,ANA,G,5on5,1,1752.0,0.54,2.0,17.0,0.65,0.0,2.66,2.0,10.46,9.0,0.3,0.0,5.92,5.0,4.88,6.0,0.54,14.0,1.0,0.0,0.44,0.1,0.0,2.0,0.0,0.0,2.0,0.0,0.0
8476243,20112012,Iiro Tarkki,ANA,G,4on5,1,422.0,0.72,1.0,14.0,0.49,0.0,0.96,0.0,4.84,1.0,0.02,0.0,3.75,5.0,1.89,2.0,0.72,7.0,0.0,1.0,0.16,0.0,0.56,0.0,0.0,1.0,6.0,0.0,0.0
8476243,20112012,Iiro Tarkki,ANA,G,5on4,1,212.0,0.0,0.0,0.0,0.0,0.0,0.0,0.0,0.0,0.0,0.12,0.0,0.0,0.0,0.0,0.0,0.0,0.0,0.0,0.0,0.0,0.0,0.0,0.0,0.0,0.0,0.0,0.0,0.0
8469608,20112012,Mike Smith,ARI,G,other,67,5431.0,9.24,5.0,145.0,6.13,3.0,16.36,16.0,83.68,85.0,2.75,5.0,48.91,45.0,33.61,45.0,8.56,82.0,25.0,10.0,2.66,2.97,3.62,2.0,2.0,1.0,28.0,0.0,0.0
8469608,20112012,Mike Smith,ARI,G,all,67,234192.0,176.32,144.0,3755.0,146.15,149.0,468.43,468.0,2081.24,2066.0,62.21,50.0,1166.36,988.0,874.38,1097.0,170.09,2209.0,542.0,148.0,61.51,65.77,49.06,45.0,53.0,46.0,856.0,16.0,8.0
8469608,20112012,Mike Smith,ARI,G,5on5,67,191001.0,128.73,104.0,2984.0,108.83,114.0,386.11,372.0,1660.46,1645.0,50.51,33.0,914.68,772.0,711.3,897.0,125.3,1783.0,418.0,102.0,50.51,50.48,27.75,39.0,41.0,24.0,681.0,16.0,8.0
8469608,20112012,Mike Smith,ARI,G,4on5,67,19055.0,33.71,29.0,553.0,28.77,30.0,60.12,74.0,291.78,289.0,1.1,1.0,188.08,157.0,96.37,121.0,31.63,307.0,77.0,33.0,7.29,9.5,16.93,2.0,7.0,20.0,136.0,0.0,0.0
8469608,20112012,Mike Smith,ARI,G,5on4,67,18705.0,3.77,4.0,61.0,1.95,2.0,4.66,4.0,38.66,40.0,7.68,11.0,11.54,11.0,29.94,32.0,3.76,35.0,15.0,3.0,0.97,2.04,0.77,2.0,1.0,1.0,8.0,0.0,0.0
8469152,20112012,Ty Conklin,DET,G,other,15,1000.0,1.36,2.0,16.0,0.58,0.0,1.68,4.0,9.62,10.0,0.63,0.0,4.75,2.0,4.34,5.0,1.36,9.0,3.0,1.0,0.41,0.32,0.63,1.0,0.0,1.0,3.0,0.0,0.0
8469152,20112012,Ty Conklin,DET,G,all,15,48274.0,34.56,44.0,682.0,26.09,27.0,84.27,76.0,376.48,378.0,13.62,17.0,207.2,141.0,155.75,214.0,33.37,396.0,95.0,29.0,13.15,11.76,9.65,12.0,17.0,15.0,162.0,0.0,0.0
8469152,20112012,Ty Conklin,DET,G,5on5,15,39242.0,23.67,27.0,542.0,19.47,14.0,67.77,66.0,295.27,303.0,10.71,17.0,162.49,108.0,125.28,177.0,23.22,324.0,65.0,19.0,10.17,7.88,5.63,7.0,13.0,7.0,134.0,0.0,0.0
8469152,20112012,Ty Conklin,DET,G,4on5,15,4074.0,8.61,13.0,107.0,5.58,12.0,12.9,6.0,60.64,54.0,0.31,0.0,36.0,28.0,18.72,23.0,7.88,52.0,23.0,9.0,2.19,3.03,3.39,3.0,3.0,7.0,23.0,0.0,0.0
8469152,20112012,Ty Conklin,DET,G,5on4,15,3958.0,0.64,1.0,12.0,0.29,1.0,1.14,0.0,7.51,7.0,1.92,0.0,2.26,1.0,5.46,7.0,0.64,7.0,3.0,0.0,0.2,0.45,0.0,0.0,1.0,0.0,2.0,0.0,0.0
8470645,20112012,Corey Crawford,CHI,G,other,57,4918.0,5.78,5.0,92.0,3.57,5.0,10.92,12.0,53.15,60.0,1.85,2.0,29.24,24.0,21.8,27.0,5.64,53.0,13.0,7.0,1.77,1.56,2.45,0.0,1.0,4.0,19.0,0.0,0.0
8470645,20112012,Corey Crawford,CHI,G,all,57,193093.0,125.82,146.0,2681.0,101.56,95.0,329.01,292.0,1455.79,1507.0,52.93,50.0,806.53,649.0,600.39,789.0,122.23,1515.0,387.0,109.0,42.29,46.78,36.75,45.0,53.0,48.0,670.0,0.0,0.0
8470645,20112012,Corey Crawford,CHI,G,5on5,57,155302.0,90.87,101.0,2134.0,76.77,61.0,264.69,243.0,1144.82,1184.0,41.85,42.0,632.13,515.0,480.45,629.0,88.44,1207.0,313.0,62.0,34.66,37.99,18.22,36.0,44.0,21.0,552.0,0.0,0.0
8470645,20112012,Corey Crawford,CHI,G,4on5,57,13987.0,23.66,36.0,370.0,18.51,28.0,45.78,33.0,208.62,210.0,0.93,1.0,128.25,95.0,68.35,95.0,22.69,218.0,43.0,31.0,4.74,5.23,13.69,9.0,6.0,21.0,78.0,0.0,0.0
8470645,20112012,Corey Crawford,CHI,G,5on4,57,18886.0,3.64,2.0,54.0,1.56,0.0,4.32,3.0,32.1,32.0,7.59,3.0,8.94,6.0,21.61,29.0,3.64,25.0,9.0,7.0,0.61,1.11,1.93,0.0,1.0,1.0,13.0,0.0,0.0
8475215,20112012,Robin Lehner,OTT,G,other,5,326.0,0.4,1.0,4.0,0.16,0.0,0.25,0.0,1.58,2.0,0.06,1.0,0.92,0.0,0.22,1.0,0.4,0.0,1.0,1.0,0.0,0.09,0.31,0.0,0.0,1.0,2.0,0.0,0.0
8475215,20112012,Robin Lehner,OTT,G,all,5,17947.0,14.31,10.0,274.0,10.59,13.0,35.9,28.0,153.17,154.0,4.71,6.0,83.6,60.0,60.47,97.0,13.86,152.0,41.0,17.0,4.06,4.83,5.41,0.0,5.0,5.0,64.0,0.0,0.0
8475215,20112012,Robin Lehner,OTT,G,5on5,5,14677.0,11.25,6.0,232.0,8.78,13.0,31.73,25.0,131.0,132.0,3.95,5.0,70.21,50.0,53.51,84.0,10.86,131.0,37.0,12.0,3.56,4.4,3.28,0.0,4.0,2.0,52.0,0.0,0.0
8475215,20112012,Robin Lehner,OTT,G,4on5,5,1660.0,2.66,3.0,37.0,1.62,0.0,3.79,3.0,19.85,19.0,0.11,0.0,12.23,10.0,6.15,11.0,2.6,20.0,3.0,4.0,0.49,0.34,1.83,0.0,1.0,2.0,10.0,0.0,0.0
8475215,20112012,Robin Lehner,OTT,G,5on4,5,1284.0,0.01,0.0,1.0,0.02,0.0,0.13,0.0,0.74,1.0,0.6,0.0,0.24,0.0,0.58,1.0,0.01,1.0,0.0,0.0,0.01,0.0,0.0,0.0,0.0,0.0,0.0,0.0,0.0
8473972,20112012,Jonas Hiller,ANA,G,other,73,7391.0,12.59,11.0,179.0,7.35,13.0,20.1,16.0,98.87,90.0,1.99,3.0,57.53,51.0,36.03,42.0,11.56,90.0,33.0,14.0,3.25,3.87,5.47,1.0,3.0,7.0,42.0,0.0,0.0
8473972,20112012,Jonas Hiller,ANA,G,all,73,254851.0,170.86,182.0,3905.0,142.44,174.0,468.32,453.0,2057.63,2021.0,64.9,59.0,1165.88,911.0,869.8,1100.0,164.33,2248.0,478.0,160.0,62.0,58.15,50.71,73.0,60.0,49.0,1019.0,0.0,0.0
8473972,20112012,Jonas Hiller,ANA,G,5on5,73,204260.0,121.88,136.0,3057.0,107.1,135.0,380.22,372.0,1620.88,1605.0,50.15,46.0,907.63,695.0,697.18,877.0,118.52,1798.0,372.0,98.0,50.3,45.77,25.82,67.0,47.0,22.0,789.0,0.0,0.0
8473972,20112012,Jonas Hiller,ANA,G,4on5,73,21816.0,30.77,34.0,581.0,25.12,24.0,60.19,56.0,285.95,273.0,1.24,1.0,184.21,149.0,98.01,137.0,28.77,314.0,53.0,41.0,7.04,6.12,17.61,5.0,9.0,20.0,173.0,0.0,0.0
8473972,20112012,Jonas Hiller,ANA,G,5on4,73,21384.0,4.18,0.0,67.0,2.11,1.0,4.96,8.0,39.41,41.0,11.25,9.0,10.79,8.0,32.78,39.0,4.09,36.0,14.0,6.0,0.98,1.65,1.56,0.0,0.0,0.0,11.0,0.0,0.0
8460705,20112012,Evgeni Nabokov,NYI,G,other,42,2713.0,2.8,5.0,66.0,2.32,1.0,6.52,5.0,33.01,32.0,1.18,1.0,18.68,15.0,14.7,19.0,2.7,32.0,13.0,1.0,0.91,1.59,0.29,4.0,1.0,0.0,20.0,0.0,0.0
8460705,20112012,Evgeni Nabokov,NYI,G,all,42,142666.0,104.08,101.0,2331.0,82.3,83.0,275.21,280.0,1205.53,1172.0,36.94,40.0,675.11,509.0,514.6,678.0,100.33,1264.0,348.0,79.0,36.77,41.75,25.55,43.0,34.0,24.0,640.0,6.0,3.0
8460705,20112012,Evgeni Nabokov,NYI,G,5on5,42,119759.0,79.05,77.0,1884.0,63.4,69.0,227.31,238.0,969.45,934.0,30.13,33.0,537.69,394.0,415.71,548.0,77.03,1032.0,262.0,61.0,29.53,31.49,18.04,34.0,26.0,17.0,529.0,6.0,3.0
8460705,20112012,Evgeni Nabokov,NYI,G,4on5,42,10301.0,16.94,16.0,313.0,14.58,12.0,35.06,35.0,163.65,166.0,0.43,0.0,105.33,88.0,59.35,78.0,16.06,163.0,63.0,11.0,5.16,7.25,4.54,3.0,6.0,7.0,76.0,0.0,0.0
8460705,20112012,Evgeni Nabokov,NYI,G,5on4,42,9893.0,2.82,3.0,40.0,1.33,1.0,3.17,0.0,25.09,23.0,4.76,5.0,7.25,6.0,18.72,24.0,2.8,22.0,10.0,2.0,0.7,1.42,0.69,2.0,1.0,0.0,6.0,0.0,0.0
8470216,20112012,Josh Harding,MIN,G,other,34,3239.0,9.73,6.0,134.0,4.62,5.0,14.05,11.0,69.1,61.0,1.24,1.0,35.27,41.0,27.97,30.0,9.37,58.0,23.0,13.0,1.61,2.94,5.17,0.0,1.0,5.0,40.0,0.0,0.0
8470216,20112012,Josh Harding,MIN,G,all,34,110992.0,86.91,81.0,1870.0,68.36,69.0,222.53,273.0,982.08,981.0,24.95,22.0,553.81,460.0,404.74,458.0,83.84,1040.0,248.0,80.0,29.39,30.27,27.24,22.0,35.0,24.0,502.0,0.0,0.0
8470216,20112012,Josh Harding,MIN,G,5on5,34,88509.0,59.66,60.0,1435.0,49.59,51.0,175.99,215.0,750.77,755.0,19.31,17.0,419.82,334.0,316.87,368.0,57.83,815.0,180.0,51.0,23.48,21.79,14.4,18.0,27.0,15.0,389.0,0.0,0.0
8470216,20112012,Josh Harding,MIN,G,4on5,34,10847.0,15.8,14.0,266.0,13.24,12.0,29.83,43.0,144.59,147.0,0.58,0.0,92.84,80.0,47.66,48.0,14.95,150.0,40.0,14.0,3.82,4.78,7.2,4.0,6.0,4.0,62.0,0.0,0.0
8470216,20112012,Josh Harding,MIN,G,5on4,34,8397.0,1.52,1.0,25.0,0.72,1.0,1.66,2.0,13.41,14.0,3.66,4.0,3.78,2.0,9.88,11.0,1.49,11.0,5.0,2.0,0.28,0.76,0.48,0.0,1.0,0.0,7.0,0.0,0.0
8473404,20112012,Niklas Backstrom,MIN,G,other,46,4774.0,10.19,8.0,140.0,5.02,4.0,15.75,18.0,77.44,84.0,1.52,2.0,42.33,35.0,31.14,41.0,9.23,64.0,35.0,8.0,2.12,4.5,3.57,2.0,4.0,2.0,33.0,2.0,1.0
8473404,20112012,Niklas Backstrom,MIN,G,all,46,155381.0,108.13,105.0,2537.0,90.21,92.0,303.12,306.0,1330.65,1299.0,36.71,46.0,753.82,629.0,564.37,689.0,104.43,1470.0,313.0,80.0,41.93,38.32,27.89,26.0,46.0,33.0,674.0,2.0,1.0
8473404,20112012,Niklas Backstrom,MIN,G,5on5,46,123518.0,75.5,68.0,1964.0,65.84,69.0,240.5,246.0,1019.22,982.0,28.25,35.0,573.95,475.0,437.97,534.0,73.43,1146.0,231.0,50.0,32.94,28.07,14.49,20.0,30.0,18.0,537.0,0.0,0.0
8473404,20112012,Niklas Backstrom,MIN,G,4on5,46,13644.0,18.7,25.0,366.0,17.12,17.0,39.61,35.0,188.46,190.0,0.75,1.0,121.08,104.0,64.24,80.0,18.07,215.0,33.0,19.0,5.61,4.02,9.07,3.0,9.0,13.0,99.0,0.0,0.0
8473404,20112012,Niklas Backstrom,MIN,G,5on4,46,13445.0,2.78,3.0,46.0,1.36,2.0,4.4,5.0,31.5,30.0,6.03,8.0,9.06,8.0,24.54,25.0,2.76,29.0,11.0,3.0,0.8,1.22,0.76,0.0,3.0,0.0,3.0,0.0,0.0
8455710,20112012,Martin Brodeur,N.J,G,other,59,3806.0,5.81,7.0,89.0,3.83,2.0,9.83,4.0,50.53,56.0,1.43,0.0,29.91,27.0,18.95,28.0,5.62,45.0,22.0,3.0,1.67,2.88,1.26,3.0,4.0,0.0,19.0,0.0,0.0
8455710,20112012,Martin Brodeur,N.J,G,all,59,203249.0,123.52,136.0,2503.0,92.64,81.0,314.69,276.0,1407.19,1472.0,45.53,41.0,768.79,549.0,589.47,843.0,119.76,1442.0,388.0,105.0,40.26,46.98,36.28,36.0,65.0,35.0,568.0,2.0,1.0
8455710,20112012,Martin Brodeur,N.J,G,5on5,59,167074.0,87.71,105.0,1987.0,69.49,63.0,260.38,231.0,1118.7,1170.0,36.11,31.0,609.71,419.0,478.02,688.0,85.56,1170.0,311.0,61.0,33.0,37.65,17.06,32.0,57.0,16.0,445.0,0.0,0.0
8455710,20112012,Martin Brodeur,N.J,G,4on5,59,16280.0,23.52,16.0,340.0,16.77,13.0,36.19,34.0,184.09,191.0,1.29,1.0,111.97,94.0,58.61,84.0,22.25,184.0,37.0,32.0,4.03,4.31,15.18,0.0,2.0,14.0,87.0,2.0,1.0
8455710,20112012,Martin Brodeur,N.J,G,5on4,59,16089.0,5.66,8.0,64.0,1.94,3.0,5.37,2.0,41.3,45.0,6.33,8.0,11.56,7.0,27.31,33.0,5.51,29.0,15.0,9.0,1.07,1.81,2.78,1.0,2.0,5.0,11.0,0.0,0.0
8469514,20112012,Peter Budaj,MTL,G,other,17,1587.0,2.78,2.0,52.0,1.69,1.0,4.49,3.0,24.02,24.0,1.18,2.0,13.54,13.0,9.71,14.0,2.64,22.0,8.0,3.0,0.94,0.93,0.91,2.0,0.0,0.0,19.0,0.0,0.0
8469514,20112012,Peter Budaj,MTL,G,all,17,62217.0,42.09,44.0,996.0,34.87,26.0,117.16,92.0,513.77,508.0,15.25,19.0,289.34,235.0,222.74,307.0,40.87,558.0,129.0,36.0,16.19,14.81,11.08,15.0,17.0,12.0,273.0,2.0,2.0
8469514,20112012,Peter Budaj,MTL,G,5on5,17,48487.0,28.82,30.0,767.0,25.56,19.0,96.33,78.0,399.8,395.0,11.21,12.0,225.9,189.0,172.18,231.0,28.07,447.0,93.0,22.0,12.45,10.57,5.81,10.0,13.0,7.0,205.0,2.0,2.0
8469514,20112012,Peter Budaj,MTL,G,4on5,17,6021.0,8.15,10.0,141.0,6.44,5.0,12.88,11.0,65.75,64.0,0.25,0.0,43.2,30.0,22.17,37.0,7.89,64.0,23.0,8.0,2.13,2.64,3.37,2.0,4.0,4.0,46.0,0.0,0.0
8469514,20112012,Peter Budaj,MTL,G,5on4,17,6122.0,2.33,2.0,36.0,1.18,1.0,3.46,0.0,24.19,25.0,2.61,5.0,6.71,3.0,18.68,25.0,2.27,25.0,5.0,3.0,0.66,0.67,1.0,1.0,0.0,1.0,3.0,0.0,0.0
8462152,20112012,Chris Mason,WPG,G,other,20,1233.0,1.76,1.0,35.0,1.66,2.0,4.39,6.0,19.5,23.0,0.47,0.0,12.84,12.0,6.41,6.0,1.64,21.0,5.0,2.0,0.63,0.6,0.53,0.0,1.0,0.0,7.0,0.0,0.0
8462152,20112012,Chris Mason,WPG,G,all,20,58492.0,42.11,43.0,902.0,31.52,33.0,104.69,98.0,458.58,422.0,16.44,19.0,256.65,198.0,194.24,257.0,40.57,478.0,128.0,39.0,14.43,15.38,12.3,15.0,16.0,12.0,257.0,0.0,0.0
8462152,20112012,Chris Mason,WPG,G,5on5,20,48029.0,28.18,32.0,704.0,22.89,25.0,83.79,75.0,353.39,318.0,13.76,17.0,195.28,146.0,151.92,204.0,27.23,383.0,88.0,23.0,11.59,10.44,6.15,13.0,13.0,6.0,210.0,0.0,0.0
8462152,20112012,Chris Mason,WPG,G,4on5,20,5278.0,10.58,9.0,137.0,6.03,6.0,14.49,15.0,69.51,67.0,0.58,1.0,43.48,37.0,22.94,30.0,10.13,58.0,30.0,12.0,1.78,3.64,5.16,2.0,2.0,5.0,37.0,0.0,0.0
8462152,20112012,Chris Mason,WPG,G,5on4,20,3952.0,1.38,1.0,21.0,0.81,0.0,1.6,2.0,13.91,14.0,1.61,1.0,4.05,3.0,11.79,14.0,1.37,14.0,4.0,2.0,0.33,0.58,0.46,0.0,0.0,1.0,1.0,0.0,0.0
8460704,20112012,Johan Hedberg,N.J,G,other,27,2877.0,4.19,8.0,70.0,2.88,3.0,8.39,6.0,40.66,49.0,1.75,2.0,23.07,18.0,15.14,20.0,4.07,40.0,10.0,5.0,1.4,1.36,1.44,3.0,3.0,2.0,15.0,0.0,0.0
8460704,20112012,Johan Hedberg,N.J,G,all,27,95470.0,57.56,59.0,1322.0,47.01,41.0,159.05,169.0,696.29,718.0,23.23,21.0,384.93,275.0,293.11,399.0,55.98,712.0,217.0,36.0,21.44,26.49,9.63,21.0,30.0,8.0,357.0,2.0,1.0
8460704,20112012,Johan Hedberg,N.J,G,5on5,27,76171.0,40.9,41.0,998.0,33.46,30.0,124.22,133.0,525.36,538.0,16.91,15.0,284.45,190.0,225.27,310.0,39.9,547.0,154.0,25.0,15.88,18.44,6.58,15.0,21.0,5.0,272.0,2.0,1.0
8460704,20112012,Johan Hedberg,N.J,G,4on5,27,8488.0,10.7,8.0,221.0,9.79,6.0,23.12,28.0,110.17,108.0,0.96,0.0,71.04,62.0,37.66,52.0,10.26,105.0,46.0,5.0,3.59,5.73,1.37,2.0,5.0,1.0,65.0,0.0,0.0
8460704,20112012,Johan Hedberg,N.J,G,5on4,27,7934.0,1.45,2.0,27.0,0.68,1.0,2.25,2.0,15.81,18.0,3.5,4.0,4.47,4.0,12.69,13.0,1.44,16.0,5.0,1.0,0.44,0.76,0.24,1.0,1.0,0.0,5.0,0.0,0.0
8474729,20112012,Mike Murphy,CAR,G,other,2,120.0,0.06,0.0,2.0,0.03,0.0,0.18,1.0,0.82,1.0,0.04,0.0,0.37,0.0,0.34,0.0,0.06,1.0,0.0,0.0,0.06,0.0,0.0,0.0,0.0,0.0,1.0,0.0,0.0
8474729,20112012,Mike Murphy,CAR,G,all,2,2166.0,0.73,0.0,23.0,0.74,1.0,2.57,5.0,10.37,9.0,0.79,2.0,5.3,3.0,4.34,5.0,0.68,10.0,4.0,0.0,0.24,0.49,0.0,0.0,0.0,0.0,9.0,0.0,0.0
8474729,20112012,Mike Murphy,CAR,G,5on5,2,1829.0,0.66,0.0,20.0,0.69,1.0,2.29,4.0,8.87,8.0,0.66,1.0,4.71,3.0,3.38,4.0,0.61,8.0,4.0,0.0,0.17,0.49,0.0,0.0,0.0,0.0,8.0,0.0,0.0
8474729,20112012,Mike Murphy,CAR,G,4on5,2,0.0,0.0,0.0,0.0,0.0,0.0,0.0,0.0,0.0,0.0,0.0,0.0,0.0,0.0,0.0,0.0,0.0,0.0,0.0,0.0,0.0,0.0,0.0,0.0,0.0,0.0,0.0,0.0,0.0
8474729,20112012,Mike Murphy,CAR,G,5on4,2,217.0,0.01,0.0,1.0,0.02,0.0,0.1,0.0,0.67,0.0,0.09,1.0,0.23,0.0,0.62,1.0,0.01,1.0,0.0,0.0,0.01,0.0,0.0,0.0,0.0,0.0,0.0,0.0,0.0
8468166,20112012,Curtis Sanford,CBJ,G,other,36,2583.0,6.52,6.0,87.0,3.28,6.0,9.7,11.0,46.4,47.0,1.17,0.0,24.24,14.0,18.54,23.0,5.79,46.0,9.0,9.0,1.72,1.09,3.71,1.0,1.0,4.0,23.0,0.0,0.0
8468166,20112012,Curtis Sanford,CBJ,G,all,36,118975.0,76.88,86.0,1726.0,63.77,54.0,211.13,170.0,935.63,971.0,29.3,32.0,537.94,471.0,401.89,510.0,74.3,1039.0,223.0,60.0,29.6,26.85,20.43,25.0,33.0,28.0,404.0,0.0,0.0
8468166,20112012,Curtis Sanford,CBJ,G,5on5,36,93521.0,50.82,56.0,1329.0,46.23,33.0,167.74,130.0,716.88,738.0,21.2,23.0,412.98,364.0,314.16,408.0,49.78,822.0,163.0,30.0,23.27,19.66,7.88,21.0,26.0,9.0,314.0,0.0,0.0
8468166,20112012,Curtis Sanford,CBJ,G,4on5,36,10281.0,17.06,23.0,263.0,12.72,15.0,29.46,24.0,145.24,157.0,0.91,0.0,91.02,81.0,49.91,59.0,16.31,147.0,38.0,20.0,4.06,4.51,8.49,3.0,6.0,14.0,58.0,0.0,0.0
8468166,20112012,Curtis Sanford,CBJ,G,5on4,36,12590.0,1.7,1.0,30.0,0.9,0.0,2.5,2.0,18.77,22.0,5.87,9.0,5.43,6.0,15.93,18.0,1.7,17.0,9.0,1.0,0.27,1.08,0.35,0.0,0.0,1.0,3.0,0.0,0.0
8466141,20112012,Roberto Luongo,VAN,G,other,55,5606.0,9.43,7.0,160.0,7.06,8.0,19.65,16.0,92.75,94.0,2.76,2.0,50.42,39.0,37.08,52.0,9.03,89.0,30.0,8.0,3.26,3.65,2.51,0.0,6.0,1.0,33.0,0.0,0.0
8466141,20112012,Roberto Luongo,VAN,G,all,55,189743.0,133.11,127.0,2713.0,103.39,110.0,336.84,372.0,1483.01,1577.0,52.68,61.0,820.69,623.0,625.02,787.0,128.26,1553.0,389.0,127.0,44.83,46.73,41.55,35.0,43.0,49.0,644.0,4.0,2.0
8466141,20112012,Roberto Luongo,VAN,G,5on5,55,151257.0,91.22,85.0,2087.0,73.91,75.0,266.03,292.0,1133.32,1203.0,38.96,46.0,625.45,483.0,488.23,609.0,88.46,1229.0,277.0,77.0,35.44,33.42,22.37,30.0,30.0,25.0,504.0,4.0,2.0
8466141,20112012,Roberto Luongo,VAN,G,4on5,55,16242.0,28.61,32.0,399.0,20.51,22.0,45.07,59.0,218.21,234.0,1.2,0.0,132.65,91.0,71.91,98.0,26.98,200.0,69.0,37.0,5.22,8.15,15.24,4.0,6.0,22.0,93.0,0.0,0.0
8466141,20112012,Roberto Luongo,VAN,G,5on4,55,16638.0,2.79,3.0,50.0,1.34,3.0,3.84,3.0,29.39,36.0,9.3,12.0,8.45,7.0,23.69,23.0,2.76,26.0,12.0,3.0,0.54,1.37,0.88,1.0,1.0,1.0,9.0,0.0,0.0
8469548,20112012,Ray Emery,CHI,G,other,34,2338.0,5.38,5.0,73.0,2.6,2.0,7.04,9.0,36.65,34.0,0.6,0.0,21.66,21.0,11.78,12.0,4.44,33.0,11.0,6.0,1.3,1.4,2.69,2.0,2.0,1.0,23.0,0.0,0.0
8469548,20112012,Ray Emery,CHI,G,all,34,106427.0,76.66,83.0,1541.0,60.89,60.0,191.61,186.0,854.28,834.0,27.39,17.0,482.38,420.0,345.9,414.0,72.7,892.0,230.0,64.0,26.61,28.21,21.84,28.0,33.0,22.0,355.0,2.0,1.0
8469548,20112012,Ray Emery,CHI,G,5on5,34,87395.0,53.02,65.0,1169.0,43.84,46.0,151.17,150.0,652.23,643.0,22.85,15.0,363.32,309.0,274.32,320.0,51.61,697.0,171.0,39.0,20.88,21.04,11.1,26.0,24.0,15.0,262.0,2.0,1.0
8469548,20112012,Ray Emery,CHI,G,4on5,34,8283.0,16.51,11.0,258.0,13.47,12.0,29.25,26.0,144.82,138.0,0.43,0.0,89.35,83.0,46.55,64.0,14.91,140.0,43.0,17.0,3.72,5.24,7.55,0.0,6.0,5.0,58.0,0.0,0.0
8469548,20112012,Ray Emery,CHI,G,5on4,34,8411.0,1.09,1.0,23.0,0.47,0.0,1.87,0.0,11.13,9.0,3.31,2.0,3.0,2.0,8.1,11.0,1.09,11.0,2.0,2.0,0.34,0.24,0.51,0.0,0.0,1.0,8.0,0.0,0.0
8474765,20112012,Anders Lindback,NSH,G,other,16,2104.0,2.77,1.0,45.0,1.87,2.0,4.92,6.0,22.93,22.0,0.59,1.0,13.24,12.0,8.38,11.0,2.46,20.0,8.0,4.0,0.93,0.89,0.94,0.0,0.0,1.0,13.0,0.0,0.0
8474765,20112012,Anders Lindback,NSH,G,all,16,47545.0,33.13,32.0,676.0,27.03,32.0,87.39,83.0,387.34,364.0,12.43,15.0,215.7,167.0,156.62,205.0,31.2,405.0,102.0,25.0,12.32,12.97,7.83,10.0,14.0,8.0,144.0,0.0,0.0
8474765,20112012,Anders Lindback,NSH,G,5on5,16,37320.0,21.7,23.0,511.0,19.02,22.0,68.12,59.0,289.73,272.0,10.04,14.0,160.98,126.0,119.07,157.0,20.68,314.0,72.0,12.0,9.06,9.32,3.32,10.0,10.0,3.0,113.0,0.0,0.0
8474765,20112012,Anders Lindback,NSH,G,4on5,16,3602.0,7.41,7.0,104.0,5.54,8.0,13.04,14.0,63.28,58.0,0.12,0.0,38.11,28.0,21.01,28.0,6.83,61.0,19.0,7.0,2.02,2.41,2.99,0.0,3.0,4.0,17.0,0.0,0.0
8474765,20112012,Anders Lindback,NSH,G,5on4,16,4519.0,1.25,1.0,16.0,0.59,0.0,1.3,4.0,11.4,12.0,1.67,0.0,3.36,1.0,8.16,9.0,1.23,10.0,3.0,2.0,0.31,0.36,0.58,0.0,1.0,0.0,1.0,0.0,0.0
8471715,20112012,Ondrej Pavelec,WPG,G,other,68,5987.0,17.13,18.0,181.0,8.32,12.0,21.61,20.0,108.52,102.0,2.51,1.0,59.31,50.0,37.75,44.0,16.02,82.0,44.0,22.0,2.72,5.78,8.63,5.0,6.0,7.0,33.0,0.0,0.0
8471715,20112012,Ondrej Pavelec,WPG,G,all,68,235946.0,188.06,191.0,3760.0,139.24,148.0,460.78,452.0,2041.23,2036.0,63.44,78.0,1127.14,897.0,843.8,1084.0,179.82,2082.0,560.0,183.0,58.9,67.72,61.44,56.0,69.0,66.0,935.0,0.0,0.0
8471715,20112012,Ondrej Pavelec,WPG,G,5on5,68,190206.0,127.61,125.0,2898.0,100.88,99.0,364.96,372.0,1566.03,1575.0,50.77,64.0,858.0,682.0,666.35,849.0,124.15,1629.0,434.0,105.0,47.03,52.02,28.56,43.0,52.0,30.0,730.0,0.0,0.0
8471715,20112012,Ondrej Pavelec,WPG,G,4on5,68,20675.0,38.78,41.0,598.0,27.52,37.0,66.33,57.0,315.92,308.0,1.3,1.0,193.11,154.0,102.96,143.0,35.18,321.0,68.0,50.0,7.74,8.34,22.69,8.0,8.0,25.0,159.0,0.0,0.0
8471715,20112012,Ondrej Pavelec,WPG,G,5on4,68,19078.0,3.46,6.0,64.0,1.92,0.0,5.45,1.0,39.52,41.0,8.51,11.0,11.48,8.0,31.57,39.0,3.46,40.0,10.0,5.0,1.14,1.15,1.17,0.0,2.0,4.0,9.0,0.0,0.0
